tree
version=v4
num_class=1
num_tree_per_iteration=1
label_index=0
max_feature_idx=7
objective=regression
feature_names=wt_dropbacks wt_team_total_plays wt_team_pass_rate def_short_pass_epa_adj def_deep_pass_epa_adj draft_tier_int is_cold_start_int games_played_so_far
feature_infos=[1:64] [48:102] [0.20754716981132076:0.796875] [-0.73713591917484245:0.39296019148006067] [-0.79575051205943237:1.6343797950035837] [1:5] [0:1] [0:16]
tree_sizes=723 751 757 754 751 752 756 752 752 762 757 760 757 754 761 763 764 749 757 764 752 763 760 760 754 765 763 752 751 760 747 750 754 757 750 759 755 760 764 760 757 756 752 762 751 751 749 751 759 759 758 755 768 766 747 766 754 766 761 759 760 748 744 761 757 746 763 763 757 750 762 744 765 766 747 764 750 758 744 765 756 751 749 748 744 743 749 745 748 756 750 749 745 754 739 745 772 756 760 753

Tree=0
num_leaves=7
num_cat=0
split_feature=0 0 7 0 6 0
split_gain=11917.3 3151.37 1527.6 2068.55 1549.75 1156.51
threshold=37.003081494014815 29.01362152126929 2.5000000000000004 29.01362152126929 1.0000000180025095e-35 38.999079849203135
decision_type=10 8 2 10 2 10
left_child=1 -1 4 -4 -3 -2
right_child=5 2 3 -5 -6 -7
leaf_value=35.689262244304544 35.899736085812073 35.93923581655617 35.572330974849628 35.810872005628823 35.692481546259899 35.995937540179639
leaf_weight=600 446 391 97 1441 76 1043
leaf_count=600 446 391 97 1441 76 1043
internal_value=35.8543 35.7898 35.8199 35.7958 35.8991 35.9671
internal_weight=4094 2605 2005 1538 467 1489
internal_count=4094 2605 2005 1538 467 1489
is_linear=0
shrinkage=1


Tree=1
num_leaves=7
num_cat=0
split_feature=0 0 7 0 0 4
split_gain=10755.4 2844.11 1378.66 1866.86 1043.75 934.844
threshold=37.003081494014815 29.01362152126929 2.5000000000000004 29.01362152126929 38.999079849203135 0.65406355433156504
decision_type=10 8 2 10 10 2
left_child=1 -1 -3 5 -2 -4
right_child=4 2 3 -5 -6 -7
leaf_value=-0.15412978353351356 0.045820366959567829 0.045195953624135553 -0.34928321975469589 -0.038600504626878682 0.13721175768599272 0.02138344482942061
leaf_weight=600 446 467 75 1441 1043 22
leaf_count=600 446 467 75 1441 1043 22
internal_value=0.00264466 -0.0586259 -0.0300462 -0.0528928 0.109837 -0.265214
internal_weight=4094 2605 2005 1538 1489 97
internal_count=4094 2605 2005 1538 1489 97
is_linear=0
shrinkage=0.05


Tree=2
num_leaves=7
num_cat=0
split_feature=6 1 1 1 3 5
split_gain=2941.25 2100.06 963.766 936.999 751.356 578.247
threshold=1.0000000180025095e-35 63.994855750352649 65.6770253850393 73.879525128037486 -0.27323098652260785 1.5000000000000002
decision_type=2 8 10 8 2 2
left_child=1 -1 -2 5 -4 -3
right_child=2 3 4 -5 -6 -7
leaf_value=-0.060269714540606638 -0.13409837195956253 -0.11222402223518918 -0.14800216100245184 0.10108895952240451 -0.0032442686942412225 0.034093867976173579
leaf_weight=577 395 70 112 582 449 1909
leaf_count=577 395 70 112 582 449 1909
internal_value=0.00251243 0.0259043 -0.0742696 0.0453195 -0.0321442 0.0289184
internal_weight=4094 3138 956 2561 561 1979
internal_count=4094 3138 956 2561 561 1979
is_linear=0
shrinkage=0.05


Tree=3
num_leaves=7
num_cat=0
split_feature=0 0 0 5 0 1
split_gain=9454.59 2468.12 914.323 865.15 827.423 840.038
threshold=37.003081494014815 29.01362152126929 38.999079849203135 4.5000000000000009 29.268781384580649 76.260164211526842
decision_type=10 8 10 2 8 8
left_child=1 3 -2 -1 -3 -6
right_child=2 4 -4 -5 5 -7
leaf_value=-0.095174326336945198 0.042972000533581252 0.25179322201472065 0.12850971926555188 -0.21781618260314772 -0.045751737892813539 0.045714400905673788
leaf_weight=361 446 26 1043 239 1684 295
leaf_count=361 446 26 1043 239 1684 295
internal_value=0.00238681 -0.0550593 0.102889 -0.144027 -0.0284357 -0.0321173
internal_weight=4094 2605 1489 600 2005 1979
internal_count=4094 2605 1489 600 2005 1979
is_linear=0
shrinkage=0.05


Tree=4
num_leaves=7
num_cat=0
split_feature=0 0 0 5 3 0
split_gain=8532.76 2227.48 848.819 780.798 846.384 753.385
threshold=37.003081494014815 29.01362152126929 43.7574155559413 4.5000000000000009 -0.031644062773653024 8.8027210884353746
decision_type=10 8 10 2 2 10
left_child=1 3 -2 4 -1 -5
right_child=2 -3 -4 5 -6 -7
leaf_value=-0.050880359656978069 0.077717875487855581 -0.027013904395097512 0.1689080148479625 -0.49294658650954565 -0.23867280675392402 -0.17937286739502478
leaf_weight=285 1162 2005 327 21 76 218
leaf_count=285 1162 2005 327 21 76 218
internal_value=0.00226747 -0.0523064 0.0977442 -0.136825 -0.0904156 -0.206925
internal_weight=4094 2605 1489 600 361 239
internal_count=4094 2605 1489 600 361 239
is_linear=0
shrinkage=0.05


Tree=5
num_leaves=7
num_cat=0
split_feature=0 2 0 0 0 5
split_gain=8641.55 2169.89 2084.35 1473.4 683.161 615.22
threshold=32.851566699978605 0.65742165702869004 37.967444120505355 27.90989677724372 43.189542022975353 2.5000000000000004
decision_type=10 8 10 10 10 2
left_child=1 3 -2 -1 -4 -3
right_child=2 5 4 -5 -6 -7
leaf_value=-0.17595657883343035 0.0096304507310592414 -0.14686044096946715 0.077237940847597636 -0.07058467478206655 0.1570668610827948 0.064878084649683532
leaf_weight=604 1229 40 921 736 378 241
leaf_count=604 1229 40 921 736 378 241
internal_value=-0.00147593 -0.0915897 0.0563067 -0.118081 0.100468 0.0347374
internal_weight=4149 1621 2528 1340 1299 281
internal_count=4149 1621 2528 1340 1299 281
is_linear=0
shrinkage=0.05


Tree=6
num_leaves=7
num_cat=0
split_feature=0 2 0 0 6 0
split_gain=7799 1958.32 1881.13 1329.74 1018.11 617.553
threshold=32.851566699978605 0.65742165702869004 37.967444120505355 27.90989677724372 1.0000000180025095e-35 43.612074704110853
decision_type=10 8 10 10 2 10
left_child=1 3 -2 -1 -3 -4
right_child=2 4 5 -5 -6 -7
leaf_value=-0.16715874893926949 0.0091489289387108787 0.084163652035758041 0.07491687506211997 -0.067055440156052457 -0.1440402211887496 0.15334341501050136
leaf_weight=604 1229 218 959 736 63 340
leaf_count=604 1229 218 959 736 63 340
internal_value=-0.00140214 -0.0870102 0.0534913 -0.112177 0.0330005 0.0954442
internal_weight=4149 1621 2528 1340 281 1299
internal_count=4149 1621 2528 1340 281 1299
is_linear=0
shrinkage=0.05


Tree=7
num_leaves=7
num_cat=0
split_feature=6 1 4 4 7 1
split_gain=2853.98 2365.89 658.685 626.055 529.516 554.494
threshold=1.0000000180025095e-35 63.815972368511979 0.49008979099471611 -0.28848167627270449 2.5000000000000004 57.022351797862008
decision_type=2 8 2 2 2 10
left_child=1 2 4 -3 5 -1
right_child=-2 3 -4 -5 -6 -7
leaf_value=-0.16739575991342809 -0.076304064866599963 -0.15682269508639973 0.0010306533816314878 0.045027760408332312 -0.14075361164318628 0.10845152490905352
leaf_weight=29 972 39 210 2558 292 49
leaf_count=29 972 39 210 2558 292 49
internal_value=-0.00133203 0.0216056 -0.0696965 0.0419965 -0.109839 0.00589292
internal_weight=4149 3177 580 2597 370 78
internal_count=4149 3177 580 2597 370 78
is_linear=0
shrinkage=0.05


Tree=8
num_leaves=7
num_cat=0
split_feature=0 0 5 0 7 5
split_gain=6848.58 1673.85 1087.68 949.18 889.339 887.124
threshold=35.746918578553824 29.01362152126929 4.5000000000000009 43.189542022975353 13.500000000000002 2.5000000000000004
decision_type=10 8 2 10 2 2
left_child=1 2 -1 -2 -4 -3
right_child=3 5 4 -5 -6 -7
leaf_value=-0.07285257666409016 0.051839988739367529 -0.12137599187282225 -0.17062724286642594 0.14057242547275214 -0.4478917925195261 -0.017343472243059484
leaf_weight=375 1487 240 234 378 33 1402
leaf_count=375 1487 240 234 378 33 1402
internal_value=-0.00126543 -0.0593138 -0.127768 0.0698244 -0.204896 -0.0325492
internal_weight=4149 2284 642 1865 267 1642
internal_count=4149 2284 642 1865 267 1642
is_linear=0
shrinkage=0.05


Tree=9
num_leaves=7
num_cat=0
split_feature=2 6 1 1 3 1
split_gain=4705.95 2344.93 1153.21 810.069 783.999 719.738
threshold=0.55399642520813674 1.0000000180025095e-35 62.526558676822738 64.269564579924207 -0.38280894276803717 74.5236812435855
decision_type=8 2 10 8 2 10
left_child=2 3 -1 -2 -5 -3
right_child=1 5 -4 4 -6 -7
leaf_value=-0.17404396960638086 -0.00094872444486006715 -0.06587980319032051 -0.053488137815660468 0.22611248389449579 0.071102670270530979 0.11517528600868632
leaf_weight=236 390 548 1244 86 1584 61
leaf_count=236 390 548 1244 86 1584 61
internal_value=-0.00120216 0.0384511 -0.0727119 0.0639332 0.0790852 -0.0477446
internal_weight=4149 2669 1480 2060 1670 609
internal_count=4149 2669 1480 2060 1670 609
is_linear=0
shrinkage=0.05


Tree=10
num_leaves=7
num_cat=0
split_feature=2 6 7 3 1 2
split_gain=4444.41 1870.35 1344.9 976.072 970.021 993.046
threshold=0.54980638286018824 1.0000000180025095e-35 5.5000000000000009 -0.14036403508442807 65.956011198458313 0.654642811221125
decision_type=8 2 2 2 10 10
left_child=2 3 -1 -2 -3 -6
right_child=1 4 -4 -5 5 -7
leaf_value=0.0010219335371835364 0.098608452735377383 -0.10561391762440855 -0.10438422832136079 0.031019896017841816 -0.014193591133717005 0.22302116782349699
leaf_weight=450 999 275 924 1148 327 51
leaf_count=450 999 275 924 1148 327 51
internal_value=0.00378976 0.039932 -0.0698626 0.0624689 -0.034167 0.0178116
internal_weight=4174 2800 1374 2147 653 378
internal_count=4174 2800 1374 2147 653 378
is_linear=0
shrinkage=0.05


Tree=11
num_leaves=7
num_cat=0
split_feature=2 6 7 1 3 4
split_gain=4011.08 1688 1213.77 919.345 880.905 704.574
threshold=0.54980638286018824 1.0000000180025095e-35 5.5000000000000009 77.221538926584984 -0.14036403508442807 0.39813397772013032
decision_type=8 2 2 10 2 2
left_child=2 4 -1 -3 -2 -4
right_child=1 3 5 -5 -6 -7
leaf_value=0.00097083970000676342 0.093678029814364017 -0.044539729135624914 -0.13981153907649443 0.25888116908474612 0.029468899735213883 -0.052265185052594115
leaf_weight=450 999 627 495 26 1148 429
leaf_count=450 999 627 495 26 1148 429
internal_value=0.00360028 0.0379354 -0.0663694 -0.0324587 0.0593454 -0.099165
internal_weight=4174 2800 1374 653 2147 924
internal_count=4174 2800 1374 653 2147 924
is_linear=0
shrinkage=0.05


Tree=12
num_leaves=7
num_cat=0
split_feature=0 1 0 0 0 5
split_gain=5111.08 1244.07 2009.83 952.544 539.66 498.524
threshold=33.895378348818049 51.996555332914269 8.8027210884353746 39.517794637846514 29.945127457191379 2.5000000000000004
decision_type=10 10 10 10 10 2
left_child=1 5 -3 -2 -4 -1
right_child=3 2 4 -5 -6 -7
leaf_value=-0.13131245281547307 0.026630023099634071 -0.22245773856371348 -0.08652346211710954 0.092123769153024337 -0.024060266679790738 0.06296389380854274
leaf_weight=38 1354 202 657 941 730 252
leaf_count=38 1354 202 657 941 730 252
internal_value=0.00342026 -0.0577272 -0.0751078 0.0534839 -0.0536481 0.037507
internal_weight=4174 1879 1589 2295 1387 290
internal_count=4174 1879 1589 2295 1387 290
is_linear=0
shrinkage=0.05


Tree=13
num_leaves=7
num_cat=0
split_feature=1 6 4 3 5 7
split_gain=1786.84 1192.66 751.09 733.568 784.857 724.916
threshold=63.815972368511979 1.0000000180025095e-35 -0.1339436400068226 -0.28411617355735236 4.5000000000000009 14.500000000000002
decision_type=8 2 2 2 2 2
left_child=5 2 -2 -3 -5 -1
right_child=1 3 -4 4 -6 -7
leaf_value=-0.048847767610799613 -0.10528992543017471 -0.14925432274234482 0.040954820281888349 -0.065021837659114998 0.04768686921690389 -0.22915462451676527
leaf_weight=786 91 120 2493 343 281 60
leaf_count=786 91 120 2493 343 281 60
internal_value=0.00324925 0.0197434 0.0358046 -0.036039 -0.0142668 -0.0616355
internal_weight=4174 3328 2584 744 624 846
internal_count=4174 3328 2584 744 624 846
is_linear=0
shrinkage=0.05


Tree=14
num_leaves=7
num_cat=0
split_feature=0 7 0 0 6 1
split_gain=4485.69 1368.88 1073.85 1038.87 842.708 569.123
threshold=32.792505995304879 8.5000000000000018 26.399416909620992 39.517794637846514 1.0000000180025095e-35 69.247290526659938
decision_type=10 2 10 10 2 10
left_child=1 4 -3 -2 -1 -6
right_child=3 2 -4 -5 5 -7
leaf_value=0.0082404663259508341 0.020045564370171961 -0.19363822770624686 -0.065480254493155893 0.086183153223942849 -0.057235035785749837 -0.22909422710297572
leaf_weight=659 1609 268 419 941 216 62
leaf_count=659 1609 268 419 941 216 62
internal_value=0.00308679 -0.0618642 -0.115475 0.0444516 -0.0225572 -0.0955633
internal_weight=4174 1624 687 2550 937 278
internal_count=4174 1624 687 2550 937 278
is_linear=0
shrinkage=0.05


Tree=15
num_leaves=7
num_cat=0
split_feature=0 2 1 0 0 2
split_gain=4673.92 994.587 921.856 1951.88 621.925 804.202
threshold=33.895378348818049 0.53794600299742612 76.056242110886615 20.421244119304053 43.7574155559413 0.63180851557601869
decision_type=10 10 8 10 10 10
left_child=2 -2 3 -1 -3 -6
right_child=1 4 -4 -5 5 -7
leaf_value=-0.19122546659382952 -0.048574580253996691 0.044186634793087903 0.019087822190249119 -0.049894978775748111 0.22445075492828323 0.060591988700728572
leaf_weight=303 255 1727 295 1261 117 208
leaf_count=303 255 1727 295 1261 117 208
internal_value=-0.00298615 0.0445547 -0.0619838 -0.0772755 0.0561278 0.119581
internal_weight=4166 2307 1859 1564 2052 325
internal_count=4166 2307 1859 1564 2052 325
is_linear=0
shrinkage=0.05


Tree=16
num_leaves=7
num_cat=0
split_feature=0 2 1 0 4 4
split_gain=4218.21 897.615 831.975 1761.57 621.751 572.403
threshold=33.895378348818049 0.53794600299742612 76.056242110886615 20.421244119304053 0.63858523017291946 0.84056182049083705
decision_type=10 10 8 10 2 2
left_child=2 -2 3 -1 -4 -3
right_child=1 5 4 -5 -6 -7
leaf_value=-0.18166419366718864 -0.046145850910129502 0.061460127168346951 0.046045527251343088 -0.047400228856434246 -0.17064047102865421 -0.032364024840598783
leaf_weight=303 255 1874 257 1261 38 178
leaf_count=303 255 1874 257 1261 38 178
internal_value=-0.00283684 0.042327 -0.0588847 -0.0734117 0.0181334 0.0533214
internal_weight=4166 2307 1859 1564 295 2052
internal_count=4166 2307 1859 1564 295 2052
is_linear=0
shrinkage=0.05


Tree=17
num_leaves=7
num_cat=0
split_feature=6 1 4 1 4 7
split_gain=1282.29 877.95 606.724 570.579 569.998 565.406
threshold=1.0000000180025095e-35 63.994855750352649 -0.25165211324235265 75.224050820636336 0.2749726657436804 2.5000000000000004
decision_type=2 8 2 10 2 2
left_child=1 5 -3 -2 -5 -1
right_child=3 2 -4 4 -6 -7
leaf_value=0.061074165107162154 -0.062870129054804172 -0.15425201539436115 0.028989506034049387 -0.13751037433033897 0.17113300848465701 -0.063671141045633706
leaf_weight=111 922 46 2514 21 52 500
leaf_count=111 922 46 2514 21 52 500
internal_value=-0.002695 0.0128438 0.0256969 -0.0522161 0.0823452 -0.0410087
internal_weight=4166 3171 2560 995 73 611
internal_count=4166 3171 2560 995 73 611
is_linear=0
shrinkage=0.05


Tree=18
num_leaves=7
num_cat=0
split_feature=0 2 2 0 5 0
split_gain=3705.52 810.46 732.631 1616.03 556.674 548.309
threshold=33.895378348818049 0.53794600299742612 0.65742165702869004 20.421244119304053 4.5000000000000009 43.7574155559413
decision_type=10 10 8 10 2 10
left_child=2 -2 3 4 -1 -3
right_child=1 5 -4 -5 -6 -7
leaf_value=-0.13318756154726166 -0.044297976730500954 0.039004885202535811 0.016320679715503491 -0.04376444985450105 -0.28935687847827612 0.10979676911865291
leaf_weight=229 255 1727 301 1253 76 325
leaf_count=229 255 1727 301 1253 76 325
internal_value=-0.00256025 0.03977 -0.0550917 -0.0688883 -0.172102 0.0502171
internal_weight=4166 2307 1859 1558 305 2052
internal_count=4166 2307 1859 1558 305 2052
is_linear=0
shrinkage=0.05


Tree=19
num_leaves=7
num_cat=0
split_feature=0 2 6 0 2 1
split_gain=3344.23 734.536 662.697 1318.38 1169.26 777.464
threshold=33.895378348818049 0.54054084345594122 1.0000000180025095e-35 8.8027210884353746 0.54980638286018824 66.733180705145614
decision_type=10 10 2 10 8 10
left_child=2 -2 4 5 -1 -4
right_child=1 -3 3 -5 -6 -7
leaf_value=-0.074496596643755977 -0.0364779351707996 0.048500500895027346 -0.12130913525272946 -0.047803827043338395 0.023900809939813496 -0.33046753251055883
leaf_weight=680 291 2016 109 452 543 75
leaf_count=680 291 2016 109 452 543 75
internal_value=-0.00243224 0.0377815 -0.0523371 -0.0937344 -0.0308091 -0.206564
internal_weight=4166 2307 1859 636 1223 184
internal_count=4166 2307 1859 636 1223 184
is_linear=0
shrinkage=0.05


Tree=20
num_leaves=7
num_cat=0
split_feature=0 0 7 0 4 0
split_gain=3205.64 1009.84 738.798 750.28 640.823 573.632
threshold=32.707241844061294 39.466069161355044 8.5000000000000018 27.025753158406225 0.82373204942929201 28.961818797703334
decision_type=10 10 2 10 2 10
left_child=2 -2 4 -4 -1 -6
right_child=1 -3 3 -5 5 -7
leaf_value=-0.013601713842781974 0.011666484054413395 0.076090113758503566 -0.15458450823561432 -0.048259423854591935 -0.30985896943344016 -0.013821376164754233
leaf_weight=856 1634 969 291 386 36 30
leaf_count=856 1634 969 291 386 36 30
internal_value=0.00142063 0.035649 -0.0542995 -0.0939619 -0.0251764 -0.175296
internal_weight=4202 2603 1599 677 922 66
internal_count=4202 2603 1599 677 922 66
is_linear=0
shrinkage=0.05


Tree=21
num_leaves=7
num_cat=0
split_feature=2 5 4 1 6 1
split_gain=2583.6 905.311 778.326 599.827 585.275 536.71
threshold=0.54168029328307121 1.5000000000000002 0.42029089849816842 74.400305111352822 1.0000000180025095e-35 70.522219282383517
decision_type=8 2 2 10 2 10
left_child=-1 -2 -3 4 -4 -6
right_child=1 2 3 -5 5 -7
leaf_value=-0.06087918600279657 -0.090839562289843898 0.056951635274999315 0.011402461672224713 0.10172092300957779 -0.043250842132699599 -0.24464455850613423
leaf_weight=1194 157 1519 933 142 218 39
leaf_count=1194 157 1519 933 142 218 39
internal_value=0.0013496 0.0260508 0.0324878 0.00458937 -0.00700111 -0.0738125
internal_weight=4202 3008 2851 1332 1190 257
internal_count=4202 3008 2851 1332 1190 257
is_linear=0
shrinkage=0.05


Tree=22
num_leaves=7
num_cat=0
split_feature=0 0 2 6 0 2
split_gain=2761.18 862.853 704.714 1084.42 686.934 623.991
threshold=32.707241844061294 39.466069161355044 0.54168029328307121 1.0000000180025095e-35 26.399416909620992 0.64316308292994473
decision_type=10 10 8 2 10 10
left_child=2 -2 4 5 -1 -4
right_child=1 -3 3 -5 -6 -7
leaf_value=-0.15523297858191654 0.010880594054776196 0.070431403298088585 0.018434823392687934 -0.084752006639520372 -0.053029842810059451 0.3037244744598866
leaf_weight=240 1634 969 460 357 522 20
leaf_count=240 1634 969 460 357 522 20
internal_value=0.00128212 0.0330491 -0.0504312 -0.0187598 -0.0852198 0.0303219
internal_weight=4202 2603 1599 837 762 480
internal_count=4202 2603 1599 837 762 480
is_linear=0
shrinkage=0.05


Tree=23
num_leaves=7
num_cat=0
split_feature=0 0 2 2 6 0
split_gain=2491.97 781.857 645.211 636.004 978.689 619.958
threshold=32.707241844061294 40.242350124893555 0.56502272173171508 0.54168029328307121 1.0000000180025095e-35 26.399416909620992
decision_type=10 10 10 8 2 10
left_child=3 -2 -3 5 -5 -1
right_child=1 2 -4 4 -6 -7
leaf_value=-0.1474713303342772 0.012862782279672967 -0.11212741574479475 0.082640384086163435 0.028805798183796773 -0.080514407238508223 -0.05037835078292538
leaf_weight=240 1786 45 772 480 357 522
leaf_count=240 1786 45 772 480 357 522
internal_value=0.00121801 0.0313967 0.0719127 -0.0479096 -0.0178218 -0.0809588
internal_weight=4202 2603 817 1599 837 762
internal_count=4202 2603 817 1599 837 762
is_linear=0
shrinkage=0.05


Tree=24
num_leaves=7
num_cat=0
split_feature=0 0 2 5 0 2
split_gain=2249 711.701 573.994 976.187 560.939 464.861
threshold=32.707241844061294 39.466069161355044 0.54168029328307121 1.5000000000000002 28.710314648120214 0.47576766048993574
decision_type=10 10 8 2 10 10
left_child=2 -2 4 -4 -1 -6
right_child=1 -3 3 -5 5 -7
leaf_value=-0.12224363603060032 0.0096934244493786324 0.063777335852257699 -0.16783932396455814 0.002390457098836687 0.064517029056723199 -0.064985284077586788
leaf_weight=360 1634 969 95 742 89 313
leaf_count=360 1634 969 95 742 89 313
internal_value=0.00115711 0.0298269 -0.0455141 -0.0169307 -0.0769109 -0.0363144
internal_weight=4202 2603 1599 837 762 402
internal_count=4202 2603 1599 837 762 402
is_linear=0
shrinkage=0.05


Tree=25
num_leaves=7
num_cat=0
split_feature=0 7 0 1 2 1
split_gain=2155.91 912.557 1135.75 468.799 397.811 502.335
threshold=37.003081494014815 8.5000000000000018 26.399416909620992 64.832068266425793 0.54980638286018824 67.894932598111509
decision_type=10 2 10 10 10 10
left_child=1 -1 3 -3 -4 -6
right_child=-2 2 4 -5 5 -7
leaf_value=-0.0031518516639222533 0.045790291802574684 -0.23620345730027092 -0.069145832245025129 -0.10025634224103255 -0.030078284798922845 0.096872422731283936
leaf_weight=1490 1498 103 446 165 366 99
leaf_count=1490 1498 103 446 165 366 99
internal_value=-0.00221526 -0.0291588 -0.0620259 -0.152505 -0.0354087 -0.00305007
internal_weight=4167 2669 1179 268 911 465
internal_count=4167 2669 1179 268 911 465
is_linear=0
shrinkage=0.05


Tree=26
num_leaves=7
num_cat=0
split_feature=0 7 0 3 1 2
split_gain=1945.7 823.582 1025.02 428.792 412.903 374.212
threshold=37.003081494014815 8.5000000000000018 26.399416909620992 0.074225402880244776 64.832068266425793 0.57376290940417285
decision_type=10 2 10 2 10 10
left_child=1 5 3 4 -3 -1
right_child=-2 2 -4 -5 -6 -7
leaf_value=0.011097137962036862 0.043500778216306615 -0.20741439252784574 -0.033638261960007652 -0.36758786380290986 -0.075210177187888042 -0.047551408861165441
leaf_weight=1132 1498 97 911 20 151 358
leaf_count=1132 1498 97 911 20 151 358
internal_value=-0.00210449 -0.0277009 -0.0589246 -0.144879 -0.126919 -0.00299426
internal_weight=4167 2669 1179 268 248 1490
internal_count=4167 2669 1179 268 248 1490
is_linear=0
shrinkage=0.05


Tree=27
num_leaves=7
num_cat=0
split_feature=0 2 3 1 0 5
split_gain=1774 979.345 868.697 831.45 724.356 463.687
threshold=28.839229900454395 0.54168029328307121 -0.1275175938763117 61.04008722894735 37.003081494014815 4.5000000000000009
decision_type=10 8 2 8 10 2
left_child=1 5 -3 -4 -2 -1
right_child=4 2 3 -5 -6 -7
leaf_value=-0.071641491302055646 -0.0063749363829652718 0.03432800441124239 -0.35579402538446281 -0.058592690719712175 0.04132573860078409 -0.18298248925682531
leaf_weight=197 1698 322 26 248 1498 178
leaf_count=197 1698 322 26 248 1498 178
internal_value=-0.00199927 -0.0611867 -0.0213557 -0.0867943 0.0159829 -0.124491
internal_weight=4167 971 596 274 3196 375
internal_count=4167 971 596 274 3196 375
is_linear=0
shrinkage=0.05


Tree=28
num_leaves=7
num_cat=0
split_feature=0 2 5 2 0 4
split_gain=1601.04 883.859 658.241 494.536 446.39 445.744
threshold=28.839229900454395 0.54168029328307121 4.5000000000000009 0.62258464441140371 43.7574155559413 0.4882273998186506
decision_type=10 8 2 10 10 2
left_child=1 -1 4 -3 -2 -6
right_child=2 3 -4 -5 5 -7
leaf_value=-0.11826678363829851 -0.02211321620173004 -0.0015850053457360644 0.033334151542735495 -0.13120070632200603 0.169283755596668 -0.045801408302325472
leaf_weight=375 1145 510 1949 86 63 39
leaf_count=375 1145 510 1949 86 63 39
internal_value=-0.00189931 -0.0581274 0.0151837 -0.0202879 -0.0131845 0.0870453
internal_weight=4167 971 3196 596 1247 102
internal_count=4167 971 3196 596 1247 102
is_linear=0
shrinkage=0.05


Tree=29
num_leaves=7
num_cat=0
split_feature=2 0 0 6 7 4
split_gain=1503.41 869.277 621.943 1914.24 582.524 570.607
threshold=0.54168029328307121 28.839229900454395 8.8027210884353746 1.0000000180025095e-35 2.5000000000000004 0.64362760197834745
decision_type=8 10 10 2 2 2
left_child=1 -1 3 5 -3 -2
right_child=2 4 -4 -5 -6 -7
leaf_value=-0.11235344525973001 0.067160296570344835 0.082903794239028397 0.026079263992337839 -0.18660421524837148 -0.037688527732229922 -0.18457920617610216
leaf_weight=375 226 117 2585 144 695 25
leaf_count=375 226 117 2585 144 695 25
internal_value=-0.00180434 -0.0493903 0.0171502 -0.0412842 -0.0203125 0.0420866
internal_weight=4167 1187 2980 395 812 251
internal_count=4167 1187 2980 395 812 251
is_linear=0
shrinkage=0.05


Tree=30
num_leaves=7
num_cat=0
split_feature=0 2 0 5 5 3
split_gain=1168.66 659.447 669.23 587.3 460.269 482.694
threshold=28.839229900454395 0.69817452738964381 8.8027210884353746 2.5000000000000004 3.5000000000000004 0.077260462589519963
decision_type=10 8 10 2 2 2
left_child=1 2 -1 -3 5 -4
right_child=-2 3 4 -5 -6 -7
leaf_value=-0.15109231788665056 0.011838816448595815 -0.17001972385785646 0.051532132675250378 0.047357251811444373 -0.078333205053841198 -0.19864201965657147
leaf_weight=206 3187 36 156 227 346 22
leaf_count=206 3187 36 156 227 346 22
internal_value=-0.00291859 -0.050282 -0.0747389 0.0176022 -0.0447221 0.0206117
internal_weight=4180 993 730 263 524 178
internal_count=4180 993 730 263 524 178
is_linear=0
shrinkage=0.05


Tree=31
num_leaves=7
num_cat=0
split_feature=0 7 0 5 5 2
split_gain=1054.72 605.048 594.323 402.368 389.902 425.604
threshold=28.839229900454395 2.5000000000000004 8.8027210884353746 4.5000000000000009 3.5000000000000004 0.47360236310950771
decision_type=10 2 10 2 2 10
left_child=1 -1 3 -3 -4 -6
right_child=-2 2 4 -5 5 -7
leaf_value=0.0047845226993504658 0.011246875670975515 -0.11377601013750049 0.01741687861644918 -0.29344847523607315 -0.17614049391753706 -0.043182186140215295
leaf_weight=353 3187 141 157 40 83 219
leaf_count=353 3187 141 157 40 83 219
internal_value=-0.00277266 -0.0477679 -0.0767539 -0.153483 -0.046497 -0.0797237
internal_weight=4180 993 640 181 459 302
internal_count=4180 993 640 181 459 302
is_linear=0
shrinkage=0.05


Tree=32
num_leaves=7
num_cat=0
split_feature=2 5 1 2 1 1
split_gain=578.714 585.866 703.217 814.7 668.482 525.56
threshold=0.54980638286018824 4.5000000000000009 63.130450755922425 0.57376290940417285 62.221142566575772 75.224050820636336
decision_type=8 2 10 8 10 8
left_child=-1 2 3 -2 -5 -3
right_child=1 5 -4 4 -6 -7
leaf_value=-0.029134487053750598 0.10806209736814101 0.015808247035499833 0.0066462984450780908 -0.086159154158654952 -0.33013242492452266 0.087380231289210561
leaf_weight=1380 48 1309 863 229 32 319
leaf_count=1380 48 1309 863 229 32 319
internal_value=-0.00263403 0.0104269 -0.016529 -0.0812547 -0.116072 0.0298325
internal_weight=4180 2800 1172 309 261 1628
internal_count=4180 2800 1172 309 261 1628
is_linear=0
shrinkage=0.05


Tree=33
num_leaves=7
num_cat=0
split_feature=1 2 2 1 3 7
split_gain=538.451 527.568 706.726 521.433 515.395 457.858
threshold=63.298256937785339 0.57689721231979851 0.63081808163775388 64.978994945911666 -0.43071649151673025 4.5000000000000009
decision_type=8 8 8 8 2 2
left_child=-1 4 5 -4 -2 -3
right_child=1 2 3 -5 -6 -7
leaf_value=-0.040941835267383375 -0.14806992152462836 0.11984998994118941 0.14523288427293302 -0.021731637758970357 -0.0085025585121529731 0.035640511459784426
leaf_weight=748 69 203 50 722 1600 788
leaf_count=748 69 203 50 722 1600 788
internal_value=-0.00250233 0.00587551 0.0249493 -0.0109179 -0.0142726 0.0528903
internal_weight=4180 3432 1763 772 1669 991
internal_count=4180 3432 1763 772 1669 991
is_linear=0
shrinkage=0.05


Tree=34
num_leaves=7
num_cat=0
split_feature=0 1 0 5 7 5
split_gain=912.349 580.819 676.45 439.411 485.742 434.249
threshold=28.839229900454395 54.135135135135144 8.8027210884353746 4.5000000000000009 6.5000000000000009 2.5000000000000004
decision_type=10 10 10 2 2 2
left_child=1 5 -3 -4 -5 -1
right_child=-2 2 3 4 -6 -7
leaf_value=-0.13719763703978596 0.010661837059686241 -0.14496524591003454 0.0013545775658062456 0.0024655188433825971 -0.15317133547261705 0.042849954877850378
leaf_weight=39 3187 204 302 82 129 237
leaf_count=39 3187 204 302 82 129 237
internal_value=-0.00237721 -0.0442256 -0.0679508 -0.0373252 -0.0926869 0.0174084
internal_weight=4180 993 717 513 211 276
internal_count=4180 993 717 513 211 276
is_linear=0
shrinkage=0.05


Tree=35
num_leaves=7
num_cat=0
split_feature=7 0 4 1 4 1
split_gain=852.16 831.389 448.733 515.077 485.168 684.993
threshold=15.500000000000002 39.615818504468471 -0.19930604046976522 70.890483517335426 0.60883488735211466 58.245371688610163
decision_type=2 10 2 10 2 8
left_child=1 2 3 -1 5 -4
right_child=-2 -3 4 -5 -6 -7
leaf_value=-0.05101752773555647 -0.20483214068063538 0.043960084503404565 -0.11069490213470519 -0.31401607443888985 -0.041281068402947797 0.011438481768130648
leaf_weight=83 50 948 121 24 737 2242
leaf_count=83 50 948 121 24 737 2242
internal_value=0.000353997 0.00282314 -0.00933707 -0.110008 -0.00586231 0.00518451
internal_weight=4205 4155 3207 107 3100 2363
internal_count=4205 4155 3207 107 3100 2363
is_linear=0
shrinkage=0.05


Tree=36
num_leaves=7
num_cat=0
split_feature=7 0 7 1 0 2
split_gain=769.074 755.602 522.259 709.468 621.874 555.317
threshold=15.500000000000002 37.003081494014815 2.5000000000000004 58.245371688610163 1.1145975351418398 0.57136108746412761
decision_type=2 10 2 10 10 10
left_child=1 2 -1 5 -5 -4
right_child=-2 -3 3 4 -6 -7
leaf_value=0.029552607366243135 -0.19459053187072278 0.030182278264666171 -0.03571559983220967 -0.13462971143424513 -0.012258193031964735 -0.28417563959956171
leaf_weight=547 50 1560 44 110 1848 46
leaf_count=547 50 1560 44 110 1848 46
internal_value=0.000336297 0.00268199 -0.01385 -0.0254424 -0.019133 -0.162706
internal_weight=4205 4155 2595 2048 1958 90
internal_count=4205 4155 2595 2048 1958 90
is_linear=0
shrinkage=0.05


Tree=37
num_leaves=7
num_cat=0
split_feature=7 0 4 4 2 4
split_gain=694.089 698.458 401.853 434.772 390.637 533.355
threshold=15.500000000000002 39.615818504468471 -0.19930604046976522 0.60883488735211466 0.47360236310950771 0.61595987349260406
decision_type=2 10 2 2 10 2
left_child=1 2 -1 -4 -5 -6
right_child=-2 -3 3 4 5 -7
leaf_value=-0.10386495774211449 -0.18486100569367411 0.040252966933268741 0.0051477394594782924 -0.1494669804763463 -0.2689419367096641 -0.018577842581524725
leaf_weight=107 50 948 2363 72 22 643
leaf_count=107 50 948 2363 72 22 643
internal_value=0.000319482 0.00254789 -0.00859786 -0.00530961 -0.0388384 -0.0268606
internal_weight=4205 4155 3207 3100 737 665
internal_count=4205 4155 3207 3100 737 665
is_linear=0
shrinkage=0.05


Tree=38
num_leaves=7
num_cat=0
split_feature=7 4 4 2 7 4
split_gain=626.416 578.509 589.077 393.686 527.569 481.584
threshold=15.500000000000002 -0.19930604046976522 0.89462987615923983 0.54054084345594122 12.500000000000002 0.060278994004358703
decision_type=2 2 2 8 2 2
left_child=1 -1 3 4 -3 -5
right_child=-2 2 -4 5 -6 -7
leaf_value=-0.10439823814800267 -0.17561795341968536 0.0019021974639396606 -0.070456609104576837 0.08380308715474262 -0.088028912944262669 0.013404723941292305
leaf_weight=123 50 813 239 269 204 2507
leaf_count=123 50 813 239 269 204 2507
internal_value=0.000303508 0.00242049 0.0056791 0.0104765 -0.0161371 0.0202265
internal_weight=4205 4155 4032 3793 1017 2776
internal_count=4205 4155 4032 3793 1017 2776
is_linear=0
shrinkage=0.05


Tree=39
num_leaves=7
num_cat=0
split_feature=7 4 1 1 4 1
split_gain=565.34 522.105 603.246 568.169 742.894 671.582
threshold=15.500000000000002 -0.19930604046976522 71.319983282241949 63.298256937785339 0.5217908512741688 75.102072698653998
decision_type=2 2 10 8 2 10
left_child=1 2 -1 -3 -5 -6
right_child=-2 3 -4 4 5 -7
leaf_value=-0.036287978764182778 -0.16683705672621729 -0.035948354528043611 -0.29413840790589652 0.031052539971781448 -0.030924324428876548 0.098429335664689283
leaf_weight=93 50 689 30 2187 1045 111
leaf_count=93 50 689 30 2187 1045 111
internal_value=0.000288333 0.00229947 -0.0991783 0.00539515 0.0139161 -0.0185037
internal_weight=4205 4155 123 4032 3343 1156
internal_count=4205 4155 123 4032 3343 1156
is_linear=0
shrinkage=0.05


Tree=40
num_leaves=7
num_cat=0
split_feature=0 2 7 2 2 5
split_gain=789.147 686.361 613.154 634.052 401.263 572.807
threshold=42.833745940635112 0.63081808163775388 12.500000000000002 0.64470023661250897 0.52659498411664851 3.5000000000000004
decision_type=10 10 2 10 10 2
left_child=2 -2 -1 4 -4 -6
right_child=1 -3 3 -5 5 -7
leaf_value=0.0030726045140498409 0.13917650984807148 0.009666315492887035 -0.12048275522966551 0.15156831983476879 -0.12687628601006298 -0.0054484416281629089
leaf_weight=3046 180 237 189 38 129 393
leaf_count=3046 180 237 189 38 129 393
internal_value=0.000280608 0.06557 -0.00689348 -0.0474231 -0.0580584 -0.0354565
internal_weight=4212 417 3795 749 711 522
internal_count=4212 417 3795 749 711 522
is_linear=0
shrinkage=0.05


Tree=41
num_leaves=7
num_cat=0
split_feature=0 2 7 2 1 2
split_gain=712.205 619.441 553.371 572.232 498.349 525.7
threshold=42.833745940635112 0.63081808163775388 12.500000000000002 0.64470023661250897 64.430199146922476 0.52659498411664851
decision_type=10 10 2 10 10 10
left_child=2 -2 -1 4 -4 -6
right_child=1 -3 3 -5 5 -7
leaf_value=0.0029189744158913387 0.13221768441015028 0.009183001566976939 -0.12114740532608054 0.14398990188186106 -0.11575627784685111 0.0011404420963670842
leaf_weight=3046 180 237 204 38 129 378
leaf_count=3046 180 237 204 38 129 378
internal_value=0.000266577 0.0622915 -0.00654881 -0.045052 -0.0551555 -0.0286025
internal_weight=4212 417 3795 749 711 507
internal_count=4212 417 3795 749 711 507
is_linear=0
shrinkage=0.05


Tree=42
num_leaves=7
num_cat=0
split_feature=0 1 7 1 1 1
split_gain=652.97 627.931 510.409 477.179 546.281 526.16
threshold=43.7574155559413 68.099269240919241 11.500000000000002 64.430199146922476 66.64358734101701 67.733867447727519
decision_type=10 10 2 10 10 10
left_child=2 -2 -1 -4 -5 -6
right_child=1 -3 3 4 5 -7
leaf_value=0.0052322710877970302 -0.17256267161667349 0.088221695457285032 -0.092293397551783452 0.053958112780836599 -0.14931640440320715 -0.018648230502560769
leaf_weight=2884 25 301 275 206 94 427
leaf_count=2884 25 301 275 206 94 427
internal_value=0.000253249 0.0682229 -0.00544879 -0.0361915 -0.01497 -0.0422237
internal_weight=4212 326 3886 1002 727 521
internal_count=4212 326 3886 1002 727 521
is_linear=0
shrinkage=0.05


Tree=43
num_leaves=7
num_cat=0
split_feature=0 7 0 0 7 5
split_gain=589.305 460.645 441.353 397.195 617.392 544.981
threshold=43.7574155559413 11.500000000000002 44.002157130073265 2.2207855835118067 1.0000000180025095e-35 4.5000000000000009
decision_type=10 2 10 10 2 2
left_child=1 3 -2 4 5 -1
right_child=2 -3 -4 -5 -6 -7
leaf_value=-0.088190174666898602 0.23256333528352635 -0.034381893478025366 0.044635439100411255 0.012275664614482561 -0.13579872685276773 0.058227674069565652
leaf_weight=105 35 1002 291 2497 121 161
leaf_count=105 35 1002 291 2497 121 161
internal_value=0.000240586 -0.00517635 0.0648117 0.00497066 -0.0421627 0.000431155
internal_weight=4212 3886 326 2884 387 266
internal_count=4212 3886 326 2884 387 266
is_linear=0
shrinkage=0.05


Tree=44
num_leaves=7
num_cat=0
split_feature=0 7 0 4 1 1
split_gain=539.151 591.186 572.764 470.165 508.921 349.037
threshold=31.812493153639906 9.5000000000000018 25.687007886477254 0.63858523017291946 63.63269214888917 60.806026819193747
decision_type=10 2 8 2 8 10
left_child=1 2 5 -4 -5 -1
right_child=-2 -3 3 4 -6 -7
leaf_value=-0.026601776169105008 0.013189998848734161 -0.067029118717744432 -0.0014676439998141839 0.055357762301961579 -0.16477454349437018 0.12400508334831102
leaf_weight=55 2762 522 612 36 97 128
leaf_count=55 2762 522 612 36 97 128
internal_value=0.000228557 -0.0244608 -0.000516052 -0.0199845 -0.10519 0.0787407
internal_weight=4212 1450 928 745 133 183
internal_count=4212 1450 928 745 133 183
is_linear=0
shrinkage=0.05


Tree=45
num_leaves=7
num_cat=0
split_feature=7 2 2 7 7 2
split_gain=410.135 524.694 394.963 418.021 512.963 343.148
threshold=12.500000000000002 0.66119616124918357 0.67034437730737118 8.5000000000000018 4.5000000000000009 0.62347178763648436
decision_type=2 10 10 2 2 10
left_child=2 5 -1 4 -4 -2
right_child=1 -3 3 -5 -6 -7
leaf_value=0.0069886508020127053 -0.032325117883861047 0.14980354433258375 -0.094077758677303794 -0.21579238245120416 0.13072028383612633 -0.13042080462412928
leaf_weight=3158 663 36 86 39 36 103
leaf_count=3158 663 36 86 39 36 103
internal_value=-0.00465966 -0.0367481 0.00309415 -0.073296 -0.0277439 -0.0455155
internal_weight=4121 802 3319 161 122 766
internal_count=4121 802 3319 161 122 766
is_linear=0
shrinkage=0.05


Tree=46
num_leaves=7
num_cat=0
split_feature=3 3 2 4 4 3
split_gain=332.165 408.466 494.669 493.62 247.962 262.776
threshold=-0.55677153423188297 -0.45402992123340397 0.56675374392174105 0.32583085297815989 1.2661845250917374 -0.1374709067769849
decision_type=2 2 10 2 2 2
left_child=-1 2 -2 -4 5 -3
right_child=1 4 3 -5 -6 -7
leaf_value=-0.16489123366773129 -0.042346233671361755 0.0092385895154645688 0.07064403338091714 0.3913270475608962 -0.16240780711174013 -0.016501688091781302
leaf_weight=32 33 1865 28 21 25 2117
leaf_count=32 33 1865 28 21 25 2117
internal_value=-0.00442668 -0.0031709 0.107298 0.20808 -0.00543157 -0.00444603
internal_weight=4121 4089 82 49 4007 3982
internal_count=4121 4089 82 49 4007 3982
is_linear=0
shrinkage=0.05


Tree=47
num_leaves=7
num_cat=0
split_feature=0 7 0 3 0 2
split_gain=379.809 549.258 292.15 450.489 355.089 527.827
threshold=8.8027210884353746 9.5000000000000018 14.053449951409137 -0.18900703905046837 31.460655866316248 0.57174508179760808
decision_type=8 2 8 2 10 10
left_child=1 -1 3 -2 5 -4
right_child=2 -3 4 -5 -6 -7
leaf_value=0.019470931805278126 0.30166617519222205 -0.24936121333586542 -0.0093174140294824109 -0.011420285191248965 0.0063748423963798321 -0.090435463540433414
leaf_weight=38 20 38 982 27 2764 252
leaf_count=38 20 38 982 27 2764 252
internal_value=-0.00420535 -0.114945 -0.0021247 0.121808 -0.00358163 -0.0258829
internal_weight=4121 76 4045 47 3998 1234
internal_count=4121 76 4045 47 3998 1234
is_linear=0
shrinkage=0.05


Tree=48
num_leaves=7
num_cat=0
split_feature=0 0 4 0 2 4
split_gain=346.307 263.443 370.518 328.859 276.912 584.037
threshold=2.2207855835118067 31.460655866316248 1.2661845250917374 31.280615658404972 0.51122742358443085 0.65406355433156504
decision_type=8 10 2 10 10 2
left_child=-1 3 -3 4 -2 -6
right_child=1 2 -4 -5 5 -7
leaf_value=-0.17048200198238897 0.0065509653971147974 0.007618990989564681 -0.20837250173091892 -0.17691811156092269 -0.062022010196373559 0.059533593692809098
leaf_weight=31 633 2744 20 33 539 121
leaf_count=31 633 2744 20 33 539 121
internal_value=-0.00399508 -0.0027332 0.0060561 -0.0210542 -0.0170762 -0.0397368
internal_weight=4121 4090 2764 1326 1293 660
internal_count=4121 4090 2764 1326 1293 660
is_linear=0
shrinkage=0.05


Tree=49
num_leaves=7
num_cat=0
split_feature=7 0 2 2 0 2
split_gain=363.767 555.291 394.951 358.545 392.571 512.725
threshold=12.500000000000002 8.8027210884353746 0.66119616124918357 0.67034437730737118 40.627682719871387 0.57874567248083408
decision_type=2 8 10 10 10 10
left_child=3 -2 -3 4 -1 -6
right_child=1 2 -4 -5 5 -7
leaf_value=-0.00032811096466208172 -0.27089491734902066 -0.034440150168773873 0.13743092094148909 -0.069276156986814857 -0.077912850267645245 0.069154936382768761
leaf_weight=2669 24 743 35 161 69 420
leaf_count=2669 24 743 35 161 69 420
internal_value=-0.00379532 -0.0340155 -0.0267082 0.00350705 0.00721766 0.048403
internal_weight=4121 802 778 3319 3158 489
internal_count=4121 802 778 3319 3158 489
is_linear=0
shrinkage=0.05


Tree=50
num_leaves=7
num_cat=0
split_feature=0 0 4 2 1 3
split_gain=532.405 386.725 293.795 381.365 442.605 495.442
threshold=31.460655866316248 31.280615658404972 -0.054329706916238604 0.53344538397665187 66.151957174227022 -0.052140770614271172
decision_type=10 10 2 10 10 2
left_child=1 -1 3 -2 -5 -6
right_child=2 -3 -4 4 5 -7
leaf_value=-0.025067185543721268 -0.083395131230354316 -0.2010072592936922 0.004533228980843333 -0.040572974718240812 0.18954828905207771 -0.076492056108656392
leaf_weight=1303 35 32 2622 43 105 21
leaf_count=1303 35 32 2622 43 105 21
internal_value=-0.00326265 -0.0292845 0.00903004 0.0668273 0.0979385 0.145208
internal_weight=4161 1335 2826 204 169 126
internal_count=4161 1335 2826 204 169 126
is_linear=0
shrinkage=0.05


Tree=51
num_leaves=7
num_cat=0
split_feature=2 7 4 7 6 1
split_gain=431.729 407.687 405.717 374.12 347.598 596.079
threshold=0.54054084345594122 3.5000000000000004 0.060278994004358703 6.5000000000000009 1.0000000180025095e-35 67.805975418828723
decision_type=8 2 2 2 2 10
left_child=1 4 3 -2 -1 -6
right_child=2 -3 -4 -5 5 -7
leaf_value=0.061086129194276563 0.13383833332495257 -0.044564078755249675 0.00018627345724709954 0.022337005413509123 0.06253783538423735 -0.28260320760309698
leaf_weight=185 110 905 2672 238 29 22
leaf_count=185 110 905 2672 238 29 22
internal_value=-0.00309952 -0.0293017 0.00680005 0.0575817 0.0292257 -0.0863465
internal_weight=4161 1141 3020 348 236 51
internal_count=4161 1141 3020 348 236 51
is_linear=0
shrinkage=0.05


Tree=52
num_leaves=7
num_cat=0
split_feature=2 3 7 3 7 3
split_gain=390.676 581.022 467.691 429.295 418.927 372.018
threshold=0.54054084345594122 -0.12836340542016542 8.5000000000000018 -0.13121883822558406 3.5000000000000004 -0.15711378049931188
decision_type=10 2 2 2 2 2
left_child=5 3 -3 4 -2 -1
right_child=1 2 -4 -5 -6 -7
leaf_value=-0.054556612954852549 -0.029970354433861975 0.011123623055388438 -0.04798280320220813 0.23586271131038666 0.040176994451693024 -0.0024375196080511493
leaf_weight=592 263 746 607 25 1116 812
leaf_count=592 263 746 607 25 1116 812
internal_value=-0.00294454 0.00798859 -0.0153935 0.0305213 0.0267986 -0.0244137
internal_weight=4161 2757 1353 1404 1379 1404
internal_count=4161 2757 1353 1404 1379 1404
is_linear=0
shrinkage=0.05


Tree=53
num_leaves=7
num_cat=0
split_feature=0 0 7 4 3 2
split_gain=450.584 345.937 261.817 425.233 387.561 567.53
threshold=31.460655866316248 31.280615658404972 5.5000000000000009 0.42401774392601388 -0.11234489193183232 0.54054084345594122
decision_type=10 10 2 2 2 10
left_child=1 -1 3 -2 5 -4
right_child=2 -3 4 -5 -6 -7
leaf_value=-0.022747533400090059 0.061999783612402028 -0.18915089501533658 -0.059405801258981233 -0.0039099729894362164 -0.02891559741500789 0.034914974177584802
leaf_weight=1303 495 32 196 484 795 856
leaf_count=1303 495 32 196 484 795 856
internal_value=-0.00279731 -0.0267362 0.00851141 0.0294152 -0.00256861 0.0173419
internal_weight=4161 1335 2826 979 1847 1052
internal_count=4161 1335 2826 979 1847 1052
is_linear=0
shrinkage=0.05


Tree=54
num_leaves=7
num_cat=0
split_feature=0 6 1 3 3 3
split_gain=414.794 642.875 507.893 533.693 497.544 883.088
threshold=10.685078664670504 1.0000000180025095e-35 66.877424454102851 -0.17149158128600908 -0.12606436134323251 -0.080603903585104483
decision_type=10 2 10 2 2 2
left_child=1 -1 3 -3 -5 -6
right_child=-2 2 -4 4 5 -7
leaf_value=0.00099684505451781073 0.003049922851581394 -0.19728305282501074 -0.21231203762193523 0.24431452363729478 -0.30030776326145447 0.11697007860057057
leaf_weight=288 3680 39 81 20 21 32
leaf_count=288 3680 39 81 20 21 32
internal_value=-0.00265745 -0.046323 -0.116935 -0.0479569 0.0318201 -0.0483664
internal_weight=4161 481 193 112 73 53
internal_count=4161 481 193 112 73 53
is_linear=0
shrinkage=0.05


Tree=55
num_leaves=7
num_cat=0
split_feature=1 1 3 1 3 3
split_gain=403.902 822.95 583.02 509.368 506.595 641.869
threshold=69.863504542931437 70.644782188846634 -0.4998973932823057 65.327500283874869 -0.29657023540948541 -0.4998973932823057
decision_type=10 10 2 8 2 2
left_child=3 -2 -3 -1 5 -5
right_child=1 2 -4 4 -6 -7
leaf_value=-0.016842282226173091 -0.11615015251473303 -0.26895748142685211 -0.0029299074745588044 0.22121976642381577 0.036757786942826019 -0.068515680266867787
leaf_weight=1201 210 21 1069 21 1453 213
leaf_count=1201 210 21 1069 21 1453 213
internal_value=-0.00237308 -0.0255167 -0.00805521 0.00804476 0.0257622 -0.0425138
internal_weight=4188 1300 1090 2888 1687 234
internal_count=4188 1300 1090 2888 1687 234
is_linear=0
shrinkage=0.05


Tree=56
num_leaves=7
num_cat=0
split_feature=0 5 3 0 0 0
split_gain=326.4 248.294 342.11 218.705 211.118 237.013
threshold=2.2207855835118067 1.5000000000000002 0.074225402880244776 17.237902060197019 48.938693689214865 42.286530913527734
decision_type=8 2 2 8 10 10
left_child=-1 2 3 -2 5 -3
right_child=1 4 -4 -5 -6 -7
leaf_value=-0.16389528722051652 0.10842031741607934 -0.0010300945745840286 -0.22964062845955291 -0.048943708740450724 -0.098113822650450933 0.038628883065818756
leaf_weight=31 25 3444 24 189 52 423
leaf_count=31 25 3444 24 189 52 423
internal_value=-0.00225442 -0.00104902 -0.0506354 -0.0305601 0.00196235 0.00330809
internal_weight=4188 4157 238 214 3919 3867
internal_count=4188 4157 238 214 3919 3867
is_linear=0
shrinkage=0.05


Tree=57
num_leaves=7
num_cat=0
split_feature=1 3 1 1 3 3
split_gain=371.369 568.439 515.135 491.391 445.294 625.013
threshold=69.523575039584458 -0.4998973932823057 70.644782188846634 65.327500283874869 -0.23332556635629309 -0.22138941172869622
decision_type=10 2 10 8 2 2
left_child=3 -2 -3 4 -1 -6
right_child=1 2 -4 -5 5 -7
leaf_value=0.034850268734496405 -0.27536340349099858 -0.076724407082982976 -0.0028664617404782532 0.026582003665551274 -0.26653432782207215 -0.026462671219478137
leaf_weight=319 22 303 1069 1593 28 854
leaf_count=319 22 303 1069 1593 28 854
internal_value=-0.0021417 -0.0232208 -0.0191777 0.00837519 -0.0157742 -0.034084
internal_weight=4188 1394 1372 2794 1201 882
internal_count=4188 1394 1372 2794 1201 882
is_linear=0
shrinkage=0.05


Tree=58
num_leaves=7
num_cat=0
split_feature=1 1 3 1 3 3
split_gain=341.262 688.56 472.225 417.337 457.779 577.034
threshold=69.863504542931437 70.644782188846634 -0.4998973932823057 65.327500283874869 -0.29657023540948541 -0.4998973932823057
decision_type=10 8 2 8 2 2
left_child=3 -2 -3 -1 5 -5
right_child=1 2 -4 4 -6 -7
leaf_value=-0.014985516174951511 -0.10621153124386357 -0.24214241618201848 -0.0027231386442772409 0.208734668862252 0.03403097767396801 -0.065978247465504597
leaf_weight=1201 210 21 1069 21 1453 213
leaf_count=1201 210 21 1069 21 1453 213
internal_value=-0.00203462 -0.023308 -0.0073358 0.00754137 0.0235786 -0.0413245
internal_weight=4188 1300 1090 2888 1687 234
internal_count=4188 1300 1090 2888 1687 234
is_linear=0
shrinkage=0.05


Tree=59
num_leaves=7
num_cat=0
split_feature=1 1 3 1 3 7
split_gain=309.087 436.682 498.487 666.12 792.073 456.919
threshold=69.142558491087513 65.327500283874869 -0.29657023540948541 67.192680186190671 -0.34721916910094636 2.5000000000000004
decision_type=10 8 2 10 2 2
left_child=1 5 3 4 -3 -1
right_child=-2 2 -4 -5 -6 -7
leaf_value=0.059214248137755533 -0.02014470024503464 0.18281878818776096 0.037897985768880094 -0.14123341578236523 -0.086234297275038091 -0.027185396004541635
leaf_weight=180 1497 51 1283 97 59 1021
leaf_count=180 1497 51 1283 97 59 1021
internal_value=-0.00193289 0.00819832 0.0262815 -0.0457184 0.0385085 -0.0142362
internal_weight=4188 2691 1490 207 110 1201
internal_count=4188 2691 1490 207 110 1201
is_linear=0
shrinkage=0.05


Tree=60
num_leaves=7
num_cat=0
split_feature=2 3 1 3 3 1
split_gain=549.577 379.299 368.027 679.177 437.24 688.012
threshold=0.54168029328307121 -0.14729441847093269 74.5236812435855 0.061556646422661461 -0.088054759115033007 63.63269214888917
decision_type=8 2 8 2 2 10
left_child=-1 -2 4 -4 5 -3
right_child=1 2 3 -5 -6 -7
leaf_value=-0.027644157616329875 0.032308681651686155 -0.18349217565237791 0.016592888587577775 0.23473865055456394 0.0035964629653311383 -0.024029188111154856
leaf_weight=1178 1349 87 275 41 921 304
leaf_count=1178 1349 87 275 41 921 304
internal_value=0.00126368 0.0127025 -0.00354362 0.0448966 -0.0152106 -0.0595107
internal_weight=4155 2977 1628 316 1312 391
internal_count=4155 2977 1628 316 1312 391
is_linear=0
shrinkage=0.05


Tree=61
num_leaves=7
num_cat=0
split_feature=0 1 5 3 2 0
split_gain=556.781 487.91 332.616 370.641 383.133 357.642
threshold=28.001731602461152 56.305777401029019 3.5000000000000004 0.045939943447409502 0.52332891270279036 2.2207855835118067
decision_type=10 10 2 2 8 10
left_child=1 -1 3 4 -3 -4
right_child=-2 2 5 -5 -6 -7
leaf_value=0.018138624285268298 0.010612948812565319 0.13017621852603614 -0.19567238452719218 -0.16645062202039887 -0.029445735791737176 -0.06711600753760423
leaf_weight=293 3286 51 67 34 143 281
leaf_count=293 3286 51 67 34 143 281
internal_value=0.00120049 -0.0343914 -0.0611124 -0.0141714 0.0125167 -0.0918668
internal_weight=4155 869 576 228 194 348
internal_count=4155 869 576 228 194 348
is_linear=0
shrinkage=0.05


Tree=62
num_leaves=7
num_cat=0
split_feature=0 2 4 4 7 3
split_gain=502.495 409.467 357.508 380.419 452.156 480.533
threshold=28.001731602461152 0.54980638286018824 0.82373204942929201 0.1705222057678282 13.500000000000002 0.012144295001068929
decision_type=10 8 2 2 2 2
left_child=1 -1 3 -3 5 -5
right_child=-2 2 -4 4 -6 -7
leaf_value=-0.07740556265904297 0.010082301914506852 -0.092428652647622803 -0.17125485289481379 0.016720862085677492 -0.15805123438476587 0.1839309196139933
leaf_weight=322 3286 86 31 349 32 49
leaf_count=322 3286 86 31 349 32 49
internal_value=0.00114047 -0.0326718 -0.00633859 0.00356917 0.0227687 0.037307
internal_weight=4155 869 547 516 430 398
internal_count=4155 869 547 516 430 398
is_linear=0
shrinkage=0.05


Tree=63
num_leaves=7
num_cat=0
split_feature=2 3 3 1 1 3
split_gain=466.948 341.686 340.943 424.729 333.485 609.713
threshold=0.54168029328307121 -0.14729441847093269 0.056289642924477426 66.443276747991604 75.995798652130773 0.059199490257882799
decision_type=8 2 2 10 10 2
left_child=2 -2 -1 -4 -3 -6
right_child=1 4 3 -5 5 -7
leaf_value=-0.016170970647994963 0.030236038500878044 -0.010089361559586771 -0.21825233755671247 -0.030874071537835314 0.018032256967347601 0.29649150598049168
leaf_weight=1050 1349 1511 49 79 92 25
leaf_count=1050 1349 1511 49 79 92 25
internal_value=0.00108344 0.0116274 -0.0255628 -0.102605 -0.00379224 0.0775321
internal_weight=4155 2977 1178 128 1628 117
internal_count=4155 2977 1178 128 1628 117
is_linear=0
shrinkage=0.05


Tree=64
num_leaves=7
num_cat=0
split_feature=0 6 2 2 0 3
split_gain=444.12 428.783 623.761 476.709 439.351 332.819
threshold=28.001731602461152 1.0000000180025095e-35 0.56675374392174105 0.60717823553244898 26.780410308712199 -0.11312001097101994
decision_type=10 2 8 8 8 2
left_child=1 2 -1 -4 5 -3
right_child=-2 4 3 -5 -6 -7
leaf_value=-0.067627727745899133 0.0094356825265718685 0.037155333241181719 0.23686998943487803 0.026070849060011003 -0.13068705234188766 -0.085290813364765863
leaf_weight=196 3286 112 30 253 168 110
leaf_count=196 3286 112 30 253 168 110
internal_value=0.00102927 -0.0307584 0.000933173 0.048417 -0.0696821 -0.0235162
internal_weight=4155 869 479 283 390 222
internal_count=4155 869 479 283 390 222
is_linear=0
shrinkage=0.05


Tree=65
num_leaves=7
num_cat=0
split_feature=2 7 6 1 4 7
split_gain=357.043 559.155 496.799 402.187 942.9 342.949
threshold=0.54168029328307121 2.5000000000000004 1.0000000180025095e-35 58.245371688610163 0.51067831333724811 2.5000000000000004
decision_type=8 2 2 8 2 2
left_child=1 2 -1 4 5 -2
right_child=3 -3 -4 -5 -6 -7
leaf_value=0.10259052003852856 -0.072586646045629796 -0.040238355049322105 -0.10678545981645585 0.0094856290505468017 0.132233075350523 -0.31232026202338087
leaf_weight=133 26 1015 36 2894 30 35
leaf_count=133 26 1015 36 2894 30 35
internal_value=-0.00298434 -0.0262176 0.0579897 0.00623114 -0.0972689 -0.210139
internal_weight=4169 1184 169 2985 91 61
internal_count=4169 1184 169 2985 91 61
is_linear=0
shrinkage=0.05


Tree=66
num_leaves=7
num_cat=0
split_feature=3 5 0 1 3 3
split_gain=444.265 303.861 835.591 558.546 500.916 461.485
threshold=-0.55677153423188297 4.5000000000000009 28.710314648120214 78.593206656491901 -0.31464704771441065 -0.24339864772898759
decision_type=2 2 8 10 2 2
left_child=-1 3 4 5 -3 -2
right_child=1 2 -4 -5 -6 -7
leaf_value=-0.19141247445537199 0.034833271337970706 -0.29146773086488248 0.020155248051408069 -0.22738317528048591 -0.054401649202719872 -0.026972349048117267
leaf_weight=31 388 25 2126 31 205 1363
leaf_count=31 388 25 2126 31 205 1363
internal_value=-0.00283513 -0.00142239 0.0103612 -0.0170016 -0.0801697 -0.013277
internal_weight=4169 4138 2356 1782 230 1751
internal_count=4169 4138 2356 1782 230 1751
is_linear=0
shrinkage=0.05


Tree=67
num_leaves=7
num_cat=0
split_feature=3 5 0 1 3 3
split_gain=400.949 274.234 754.121 504.087 452.077 416.49
threshold=-0.55677153423188297 4.5000000000000009 28.710314648120214 78.593206656491901 -0.31464704771441065 -0.24339864772898759
decision_type=2 2 8 10 2 2
left_child=-1 3 4 5 -3 -2
right_child=1 2 -4 -5 -6 -7
leaf_value=-0.18184185244383352 0.033091607544758386 -0.27689434155821802 0.019147485451469892 -0.2160140151458402 -0.051681567207887406 -0.025623730896758252
leaf_weight=31 388 25 2126 31 205 1363
leaf_count=31 388 25 2126 31 205 1363
internal_value=-0.00269337 -0.00135127 0.00984316 -0.0161515 -0.0761612 -0.0126131
internal_weight=4169 4138 2356 1782 230 1751
internal_count=4169 4138 2356 1782 230 1751
is_linear=0
shrinkage=0.05


Tree=68
num_leaves=7
num_cat=0
split_feature=3 2 7 1 7 2
split_gain=361.857 268.924 479.258 395.984 455.343 341.501
threshold=-0.55677153423188297 0.54168029328307121 1.5000000000000002 58.245371688610163 2.5000000000000004 0.51558038687804164
decision_type=2 8 2 8 2 10
left_child=-1 2 -2 4 -3 -4
right_child=1 3 5 -5 -6 -7
leaf_value=-0.17274975819933802 0.094238418995975015 0.038051280298748533 -0.0045287670016295111 0.0099547470445103103 -0.19051995229608609 -0.060729607182718484
leaf_weight=31 83 37 587 2877 53 501
leaf_count=31 83 37 587 2877 53 501
internal_value=-0.0025587 -0.00128371 -0.0215731 0.00672401 -0.0965518 -0.030408
internal_weight=4169 4138 1171 2967 90 1088
internal_count=4169 4138 1171 2967 90 1088
is_linear=0
shrinkage=0.05


Tree=69
num_leaves=7
num_cat=0
split_feature=2 7 0 1 4 0
split_gain=267.805 469.685 543.027 318.912 850.922 301.132
threshold=0.54168029328307121 2.5000000000000004 38.000485908649189 58.245371688610163 0.51067831333724811 48.938693689214865
decision_type=8 2 8 8 2 10
left_child=1 2 -1 4 -2 -5
right_child=3 -3 -4 5 -6 -7
leaf_value=0.089297529023622174 -0.19383712774906003 -0.035402393970555938 -0.17705339372835377 0.010754996796090311 0.13140734136104584 -0.1043331670350042
leaf_weight=147 61 1015 22 2836 30 58
leaf_count=147 61 1015 22 2836 30 58
internal_value=-0.00243077 -0.0225523 0.0546246 0.00555042 -0.0866137 0.00844846
internal_weight=4169 1184 169 2985 91 2894
internal_count=4169 1184 169 2985 91 2894
is_linear=0
shrinkage=0.05


Tree=70
num_leaves=7
num_cat=0
split_feature=3 3 3 2 2 1
split_gain=256.978 555.288 529.682 671.56 413.172 447.951
threshold=-0.1275175938763117 -0.089572393485806853 -0.15711378049931188 0.55399642520813674 0.5708570435101129 63.205664657277545
decision_type=2 2 2 8 10 8
left_child=2 -2 3 -1 5 -5
right_child=1 -3 -4 4 -6 -7
leaf_value=-0.03756826923215062 -0.059555710616613015 0.0035147373699609659 0.070192645897328015 0.27658411081020651 0.0092403365092203881 0.058722034462307594
leaf_weight=644 448 1579 355 26 880 255
leaf_count=644 448 1579 355 26 880 255
internal_value=0.00236208 -0.0104249 0.0143617 0.00338107 0.0260954 0.0788801
internal_weight=4187 2027 2160 1805 1161 281
internal_count=4187 2027 2160 1805 1161 281
is_linear=0
shrinkage=0.05


Tree=71
num_leaves=7
num_cat=0
split_feature=4 3 4 0 4 0
split_gain=235.238 465.067 487.068 546.764 540.228 463.476
threshold=0.42029089849816842 -0.22727252613540957 0.76802447279552033 36.778921131616961 0.85921193437191923 12.540540540540542
decision_type=2 2 2 10 2 8
left_child=5 2 -2 -4 -5 -1
right_child=1 -3 3 4 -6 -7
leaf_value=-0.13427363828970837 0.0032113162694392622 -0.023950353969172104 0.023442024028372546 0.42289237483688025 0.10080640543562672 0.01675814465722986
leaf_weight=52 333 1491 64 23 30 2194
leaf_count=52 333 1491 64 23 30 2194
internal_value=0.00224398 -0.0105047 0.0340453 0.121803 0.24058 0.0132614
internal_weight=4187 1941 450 117 53 2246
internal_count=4187 1941 450 117 53 2246
is_linear=0
shrinkage=0.05


Tree=72
num_leaves=7
num_cat=0
split_feature=3 3 3 2 0 0
split_gain=218.025 503.013 491.229 598.863 464.452 399.792
threshold=-0.1275175938763117 -0.089572393485806853 -0.15711378049931188 0.55399642520813674 20.421244119304053 45.513513513513523
decision_type=2 2 2 8 8 10
left_child=2 4 3 -1 -2 -5
right_child=1 -3 -4 5 -6 -7
leaf_value=-0.036059415793864881 -0.29191681414842607 0.0036210043867710832 0.066950774738486388 0.031987930359077842 -0.0454022241760672 -0.084525569094510034
leaf_weight=644 20 1579 355 1082 428 79
leaf_count=644 20 1579 355 1082 428 79
internal_value=0.00213178 -0.00964624 0.0131846 0.00261006 -0.0564073 0.0240598
internal_weight=4187 2027 2160 1805 448 1161
internal_count=4187 2027 2160 1805 448 1161
is_linear=0
shrinkage=0.05


Tree=73
num_leaves=7
num_cat=0
split_feature=3 3 3 2 2 1
split_gain=196.768 453.969 443.334 540.474 367.494 391.859
threshold=-0.1275175938763117 -0.089572393485806853 -0.15711378049931188 0.55399642520813674 0.57376290940417285 58.635953965496036
decision_type=2 2 2 8 10 10
left_child=2 -2 3 -1 -5 -6
right_child=1 -3 -4 4 5 -7
leaf_value=-0.034256445957775813 -0.053586971756262106 0.0034399542481856138 0.06360323605744142 0.068957623725550046 -0.15342770637692632 0.012969002345886556
leaf_weight=644 448 1579 355 315 37 809
leaf_count=644 448 1579 355 315 37 809
internal_value=0.00202519 -0.00916392 0.0125253 0.00247956 0.0228568 0.0056916
internal_weight=4187 2027 2160 1805 1161 846
internal_count=4187 2027 2160 1805 1161 846
is_linear=0
shrinkage=0.05


Tree=74
num_leaves=7
num_cat=0
split_feature=3 1 3 1 1 7
split_gain=192.683 365.784 261.832 618.131 253.139 241.429
threshold=-0.34721916910094636 60.411078717201171 -0.31626255401558101 58.971529265216567 63.298256937785339 12.500000000000002
decision_type=2 10 2 10 10 2
left_child=1 -1 3 -2 -5 -6
right_child=2 -3 -4 4 5 -7
leaf_value=0.22550993356853724 -0.32660132229328154 0.02344016114055221 0.0011104339612453865 0.13638691261410715 -0.00072914489700148506 -0.17079129838384688
leaf_weight=24 20 335 3696 20 60 32
leaf_count=24 20 335 3696 20 60 32
internal_value=0.00192393 0.036949 -0.00136081 -0.0705557 -0.0248333 -0.0598812
internal_weight=4187 359 3828 132 112 92
internal_count=4187 359 3828 132 112 92
is_linear=0
shrinkage=0.05


Tree=75
num_leaves=7
num_cat=0
split_feature=4 1 3 1 1 4
split_gain=259.485 661.594 498.17 486.805 621.473 377.681
threshold=0.28039783300607946 59.978301084793948 -0.52925876437280672 74.400305111352822 69.089569770518452 0.95061729306862841
decision_type=2 8 2 10 10 2
left_child=1 -1 -3 4 5 -2
right_child=3 2 -4 -5 -6 -7
leaf_value=-0.14955427653488071 0.025784198200408684 -0.19906721494414592 -0.002339300201867768 0.074504802866109873 -0.034205087269796729 -0.068685687936644632
leaf_weight=87 1660 33 1295 267 763 113
leaf_count=87 1660 33 1295 267 763 113
internal_value=0.00147576 -0.0159787 -0.00722787 0.010287 0.00352595 0.0197633
internal_weight=4218 1415 1328 2803 2536 1773
internal_count=4218 1415 1328 2803 2536 1773
is_linear=0
shrinkage=0.05


Tree=76
num_leaves=7
num_cat=0
split_feature=4 7 0 4 3 7
split_gain=251.434 203.656 263.358 210.312 362.364 561.009
threshold=-0.28848167627270449 15.500000000000002 34.948593736570608 0.95061729306862841 0.0048970775075847604 4.5000000000000009
decision_type=2 2 10 2 2 2
left_child=-1 3 -3 -2 -5 -6
right_child=1 2 -4 4 5 -7
leaf_value=-0.089329026252031332 0.0066935136770355091 0.004461750627628395 -0.22671160582791675 -0.00010246001947365825 0.037911749145259029 -0.28182240479132709
leaf_weight=75 3914 28 22 122 23 34
leaf_count=75 3914 28 22 122 23 34
internal_value=0.00140197 0.00304446 -0.0972545 0.00426971 -0.048729 -0.152807
internal_weight=4218 4143 50 4093 179 57
internal_count=4218 4143 50 4093 179 57
is_linear=0
shrinkage=0.05


Tree=77
num_leaves=7
num_cat=0
split_feature=4 1 4 3 2 7
split_gain=232.114 597.638 454.83 444.936 412.153 635.859
threshold=0.28039783300607946 59.978301084793948 0.37988700843679862 -0.52925876437280672 0.53726937007447051 5.5000000000000009
decision_type=2 8 2 2 8 2
left_child=1 -1 4 -3 5 -2
right_child=2 3 -4 -5 -6 -7
leaf_value=-0.1421314606935471 0.11242361672222614 -0.18815928255066727 -0.0010015459016561952 -0.0022392771254396105 0.073043346410063478 -0.089926168227314279
leaf_weight=87 60 33 2189 1295 444 110
leaf_count=87 60 33 2189 1295 444 110
internal_value=0.00133187 -0.0151764 0.0096655 -0.00685928 0.0476951 -0.0185086
internal_weight=4218 1415 2803 1328 614 170
internal_count=4218 1415 2803 1328 614 170
is_linear=0
shrinkage=0.05


Tree=78
num_leaves=7
num_cat=0
split_feature=4 1 1 3 4 4
split_gain=220.953 450.046 206.011 361.466 350.394 718.178
threshold=-0.28848167627270449 68.597908107094156 75.995798652130773 0.061556646422661461 0.304746749239238 0.35324441344333118
decision_type=2 10 10 2 2 2
left_child=1 -1 -2 4 -4 -6
right_child=2 -3 3 -5 5 -7
leaf_value=0.0054302644915878778 6.4734537673492908e-05 -0.25193161941491643 -0.057976499676704409 0.25152740269899371 0.3455337912553833 0.028580422072360914
leaf_weight=49 3907 26 75 20 21 120
leaf_count=49 3907 26 75 20 21 120
internal_value=0.00126528 -0.0837885 0.00280499 0.0481702 0.0293408 0.0757862
internal_weight=4218 75 4143 236 216 141
internal_count=4218 75 4143 236 216 141
is_linear=0
shrinkage=0.05


Tree=79
num_leaves=7
num_cat=0
split_feature=4 1 1 1 5 5
split_gain=200.167 542.127 401.642 553.178 372.498 454.232
threshold=0.28039783300607946 59.978301084793948 74.400305111352822 69.089569770518452 1.5000000000000002 3.5000000000000004
decision_type=2 8 10 10 2 2
left_child=1 -1 3 -2 -3 -6
right_child=2 4 -4 -5 5 -7
leaf_value=-0.13504354622878734 0.018118835722731329 -0.11846651166677476 0.067271584000312884 -0.032797907417893978 0.064766947023420188 -0.013906172812074999
leaf_weight=87 1773 70 267 763 223 1035
leaf_count=87 1773 70 267 763 223 1035
internal_value=0.00120202 -0.0141281 0.00894092 0.00279964 -0.00620671 3.98572e-05
internal_weight=4218 1415 2803 2536 1328 1258
internal_count=4218 1415 2803 2536 1328 1258
is_linear=0
shrinkage=0.05


Tree=80
num_leaves=7
num_cat=0
split_feature=0 4 0 1 1 0
split_gain=386.631 511.57 327.026 277.199 289.337 635.048
threshold=48.938693689214865 0.42029089849816842 47.030391940422767 80.562978609857126 69.051892460324822 38.458871062644654
decision_type=8 2 10 10 10 10
left_child=2 -2 3 4 -1 -6
right_child=1 -3 -4 -5 5 -7
leaf_value=0.014288794074207418 0.0054833421290415452 -0.1031387057174281 0.12958584787710659 0.16718826683667989 -0.047214443604016214 0.020294747219140468
leaf_weight=2290 241 197 53 26 721 674
leaf_count=2290 241 197 53 26 721 674
internal_value=0.00108912 -0.0433718 0.00626284 0.00450156 0.0033537 -0.0145971
internal_weight=4202 438 3764 3711 3685 1395
internal_count=4202 438 3764 3711 3685 1395
is_linear=0
shrinkage=0.05


Tree=81
num_leaves=7
num_cat=0
split_feature=0 0 3 2 3 3
split_gain=348.935 295.141 257.565 227.034 460.141 285.581
threshold=48.938693689214865 47.030391940422767 -0.15221771985894936 0.51629742635984621 0.0099531792507926171 0.0021549459455895846
decision_type=8 10 2 10 2 2
left_child=1 -1 -3 4 -2 -5
right_child=3 2 -4 5 -6 -7
leaf_value=0.0042764797604965803 -0.032310637982794085 -0.018478408604860306 0.2089156283573671 -0.053391595370361977 0.20624458613720809 -0.21403825283050537
leaf_weight=3711 249 20 33 132 22 35
leaf_count=3711 249 20 33 132 22 35
internal_value=0.00103467 0.0059497 0.123107 -0.0412032 -0.0129445 -0.0870601
internal_weight=4202 3764 53 438 271 167
internal_count=4202 3764 53 438 271 167
is_linear=0
shrinkage=0.05


Tree=82
num_leaves=7
num_cat=0
split_feature=0 0 3 6 5 3
split_gain=323.908 271.474 470.66 218.152 216.051 215.161
threshold=8.8027210884353746 15.934402332361518 -0.18900703905046837 1.0000000180025095e-35 2.5000000000000004 -0.15831649084725177
decision_type=10 10 2 2 2 2
left_child=3 2 -2 -1 -4 -5
right_child=1 -3 4 5 -6 -7
leaf_value=-0.010510013165619614 0.27729620870947841 0.0039577864176433232 0.11397728701545434 -0.15352010758537238 -0.11023603766447021 -0.040261734097224222
leaf_weight=268 25 3685 22 66 21 115
leaf_count=268 25 3685 22 66 21 115
internal_value=0.000982932 0.00578454 0.104779 -0.0391517 0.00447776 -0.0815604
internal_weight=4202 3753 68 449 43 181
internal_count=4202 3753 68 449 43 181
is_linear=0
shrinkage=0.05


Tree=83
num_leaves=7
num_cat=0
split_feature=0 4 1 1 1 7
split_gain=294.555 602.852 271.464 198.031 251.592 194.707
threshold=2.2207855835118067 0.7998903887581551 71.929425013320227 64.704259152214192 67.678861473488368 8.5000000000000018
decision_type=10 2 10 8 8 2
left_child=1 2 3 -1 -5 -2
right_child=5 -3 -4 4 -6 -7
leaf_value=-0.13582979932427405 0.015967052884317635 -0.29412818144668235 -0.1720515048709409 0.12505593459521022 -0.016885014160642576 -0.0067128765659730909
leaf_weight=30 2004 22 29 35 289 1793
leaf_count=30 2004 22 29 35 289 1793
internal_value=0.000933786 -0.0396 -0.0249796 -0.0129314 -0.00155189 0.00525725
internal_weight=4202 405 383 354 324 3797
internal_count=4202 405 383 354 324 3797
is_linear=0
shrinkage=0.05


Tree=84
num_leaves=7
num_cat=0
split_feature=0 4 2 0 4 1
split_gain=266.314 460.31 308.348 265.9 261.618 249.034
threshold=48.938693689214865 0.37988700843679862 0.6636573948218657 47.030391940422767 0.3627066577909826 80.562978609857126
decision_type=8 2 10 10 2 10
left_child=3 -2 -3 5 -5 -1
right_child=1 2 -4 4 -6 -7
leaf_value=0.0025048350362458457 0.017152574638972917 -0.066825022132506656 -0.26794732490643147 -0.02631185680627823 0.20286458920348777 0.15779324598037281
leaf_weight=3685 211 206 21 20 33 26
leaf_count=3685 211 206 21 20 33 26
internal_value=0.000887097 -0.0360129 -0.0854311 0.00518099 0.116383 0.00359282
internal_weight=4202 438 227 3764 53 3711
internal_count=4202 438 227 3764 53 3711
is_linear=0
shrinkage=0.05


Tree=85
num_leaves=7
num_cat=0
split_feature=0 3 5 3 0 0
split_gain=348.746 317.814 241.587 409.84 400.85 398.702
threshold=46.38865922569142 -0.34721916910094636 3.5000000000000004 -0.29362547291007274 27.216951645523078 36.295332497600704
decision_type=8 2 2 2 10 10
left_child=2 -2 3 4 -1 -6
right_child=1 -3 -4 -5 5 -7
leaf_value=0.1126726191619347 0.1547819581414972 -0.043702375949936791 0.00075357102324951101 0.047272434341583472 -0.18447775997613605 0.019967834942224552
leaf_weight=29 21 509 2861 676 57 41
leaf_count=29 21 509 2861 676 57 41
internal_value=0.00207177 -0.0358379 0.00755543 0.0317897 -0.0506224 -0.0989444
internal_weight=4194 530 3664 803 127 98
internal_count=4194 530 3664 803 127 98
is_linear=0
shrinkage=0.05


Tree=86
num_leaves=7
num_cat=0
split_feature=0 0 1 0 1 1
split_gain=314.743 272.899 271.395 461.543 1034.55 486.638
threshold=46.38865922569142 47.030391940422767 68.993585065918879 38.458871062644654 76.260164211526842 69.727674125056254
decision_type=8 8 10 10 10 10
left_child=2 -2 -1 4 -4 -5
right_child=1 -3 3 5 -6 -7
leaf_value=0.018052459982036795 -0.19529929056018591 -0.026063172503715693 -0.05360008954758877 0.14884862859140743 0.17365392240937111 0.0060135491693416518
leaf_weight=2236 25 505 690 66 54 618
leaf_count=2236 25 505 690 66 54 618
internal_value=0.00196818 -0.034046 0.00717766 -0.0098504 -0.0371058 0.0197959
internal_weight=4194 530 3664 1428 744 684
internal_count=4194 530 3664 1428 744 684
is_linear=0
shrinkage=0.05


Tree=87
num_leaves=7
num_cat=0
split_feature=0 3 3 0 6 4
split_gain=284.056 286.84 237.912 361.711 305.294 284.32
threshold=46.38865922569142 -0.34721916910094636 0.012144295001068929 47.030391940422767 1.0000000180025095e-35 0.4882273998186506
decision_type=8 2 2 8 2 2
left_child=-1 -2 3 -3 -5 -4
right_child=1 2 5 4 -6 -7
leaf_value=0.0068187735317188254 0.14874896169418381 -0.26140317976009103 0.13579773520812011 -0.015896656228477333 -0.10949158717337396 -0.063614051089142309
leaf_weight=3664 21 20 39 293 124 33
leaf_count=3664 21 20 39 293 124 33
internal_value=0.00186977 -0.0323437 -0.0398151 -0.0536905 -0.0437282 0.0444007
internal_weight=4194 530 509 437 417 72
internal_count=4194 530 509 437 417 72
is_linear=0
shrinkage=0.05


Tree=88
num_leaves=7
num_cat=0
split_feature=1 1 4 0 1 5
split_gain=269.567 669.802 307.352 283.702 324.051 264.465
threshold=69.863504542931437 70.06541328421369 -0.25165211324235265 46.695225965068623 67.577347415837735 4.5000000000000009
decision_type=8 8 2 8 10 2
left_child=3 5 -3 -1 -5 -2
right_child=1 2 -4 4 -6 -7
leaf_value=0.015040204498700076 -0.30234946846961974 -0.18180428230762483 -0.005066948618789628 -0.014214066926841485 -0.21983362921962032 -0.089425091615745009
leaf_weight=2482 25 25 1534 66 27 35
leaf_count=2482 25 25 1534 66 27 35
internal_value=0.00177628 -0.0142103 -0.00790109 0.0118276 -0.0739101 -0.178144
internal_weight=4194 1619 1559 2575 93 60
internal_count=4194 1619 1559 2575 93 60
is_linear=0
shrinkage=0.05


Tree=89
num_leaves=7
num_cat=0
split_feature=0 3 5 5 0 4
split_gain=240.221 258.443 219.812 371.014 455.077 377.729
threshold=46.38865922569142 -0.34721916910094636 3.5000000000000004 4.5000000000000009 19.039193199647446 0.50594536993030281
decision_type=8 2 2 2 10 2
left_child=2 -2 -1 5 -5 -4
right_child=1 -3 3 4 -6 -7
leaf_value=0.02935493589114458 0.14211976627508802 -0.036867519978558271 -0.053853059927287887 -0.13512144521451916 0.014690475391160213 0.019054267484583519
leaf_weight=803 21 509 527 52 2014 268
leaf_count=803 21 509 527 52 2014 268
internal_value=0.00168747 -0.0297756 0.00623862 -0.000249464 0.0109198 -0.0292755
internal_weight=4194 530 3664 2861 2066 795
internal_count=4194 530 3664 2861 2066 795
is_linear=0
shrinkage=0.05


Tree=90
num_leaves=7
num_cat=0
split_feature=0 0 4 4 4 4
split_gain=210.211 435.556 433.629 545.998 431.89 492.097
threshold=42.286530913527734 42.079413232474465 0.51901823710343453 0.59149760355497594 0.38390984015619395 0.016859982199235454
decision_type=10 10 2 2 2 2
left_child=1 -1 4 -4 5 -2
right_child=2 -3 3 -5 -6 -7
leaf_value=-0.0043223180052678082 0.16174549507159813 -0.19886760660286606 -0.17627847827210719 0.019570997817298541 0.14996813638041717 -0.014529590121349373
leaf_weight=3630 51 29 49 130 99 177
leaf_count=3630 51 29 49 130 99 177
internal_value=-0.00168703 -0.00586422 0.0285192 -0.0340414 0.0627649 0.0249004
internal_weight=4165 3659 506 179 327 228
internal_count=4165 3659 506 179 327 228
is_linear=0
shrinkage=0.05


Tree=91
num_leaves=7
num_cat=0
split_feature=0 1 1 4 1 4
split_gain=204.55 280.027 366.845 193.548 277.637 240.654
threshold=10.685078664670504 63.205664657277545 69.997697937749962 -0.28848167627270449 68.597908107094156 0.095289085194893583
decision_type=8 10 10 2 10 2
left_child=1 -1 -3 4 -2 -5
right_child=3 2 -4 5 -6 -7
leaf_value=-0.22655591057694477 0.0041779320232751896 0.069510310956435964 -0.16784131358619092 0.033138264458837191 -0.19411275050332469 -0.0032387677091434836
leaf_weight=23 41 41 27 523 31 3479
leaf_count=23 41 41 27 523 31 3479
internal_value=-0.00160267 -0.0757426 -0.0247322 5.33725e-05 -0.0811972 0.00151515
internal_weight=4165 91 68 4074 72 4002
internal_count=4165 91 68 4074 72 4002
is_linear=0
shrinkage=0.05


Tree=92
num_leaves=7
num_cat=0
split_feature=0 0 4 4 4 2
split_gain=188.212 394.151 388.776 492.763 394.165 423.581
threshold=42.286530913527734 42.079413232474465 0.51901823710343453 0.59149760355497594 0.41743296156473736 0.67328965260816143
decision_type=10 10 2 2 2 10
left_child=1 -1 4 -4 -2 -6
right_child=2 -3 3 -5 5 -7
leaf_value=-0.004008330862158422 0.03214300645920555 -0.18907588247595164 -0.16730261384224407 0.018754386761440683 0.084605345295535206 0.3611554229259491
leaf_weight=3630 262 29 49 130 45 20
leaf_count=3630 262 29 49 130 45 20
internal_value=-0.00152254 -0.00547511 0.0270594 -0.0321774 0.0594857 0.169698
internal_weight=4165 3659 506 179 327 65
internal_count=4165 3659 506 179 327 65
is_linear=0
shrinkage=0.05


Tree=93
num_leaves=7
num_cat=0
split_feature=0 0 3 4 4 4
split_gain=183.956 255.746 307.497 195.714 759.165 682.347
threshold=10.685078664670504 6.9729729729729746 -0.12261143701488653 0.68305934184907791 0.51901823710343453 0.50374920959214231
decision_type=8 10 2 2 2 2
left_child=1 2 -1 4 5 -2
right_child=3 -3 -4 -5 -6 -7
leaf_value=0.089956317435611388 0.0031570925696209223 -0.19431562778250924 -0.13321093752466401 0.024142549070629141 -0.051906870679973433 0.16839716557879003
leaf_weight=33 2624 29 29 702 684 64
leaf_count=33 2624 29 29 702 684 64
internal_value=-0.00144641 -0.0717551 -0.0144284 0.000124055 -0.00487624 0.00709138
internal_weight=4165 91 62 4074 3372 2688
internal_count=4165 91 62 4074 3372 2688
is_linear=0
shrinkage=0.05


Tree=94
num_leaves=7
num_cat=0
split_feature=7 2 5 3 1 1
split_gain=175.329 249.265 256.681 390.303 289.808 156.188
threshold=14.500000000000002 0.52758072962251623 4.5000000000000009 -0.14036403508442807 68.000096059698578 65.365437214875456
decision_type=2 10 2 2 10 10
left_child=-1 -2 5 4 -4 -3
right_child=1 2 3 -5 -6 -7
leaf_value=0.0014009954438167337 -0.12614563386887312 0.018983139404479196 0.018921871297061445 -0.084619638596366092 0.22079859063960613 -0.11076015566335354
leaf_weight=3881 64 34 40 41 32 73
leaf_count=3881 64 34 40 41 32 73
internal_value=-0.00137409 -0.039297 -0.014032 0.0385223 0.108645 -0.0695333
internal_weight=4165 284 220 113 72 107
internal_count=4165 284 220 113 72 107
is_linear=0
shrinkage=0.05


Tree=95
num_leaves=7
num_cat=0
split_feature=3 3 2 0 7 2
split_gain=304.396 362.954 610.67 409.82 556.45 435.653
threshold=-0.1275175938763117 -0.089572393485806853 0.47360236310950771 34.948593736570608 9.5000000000000018 0.6014748708438693
decision_type=2 2 8 8 2 10
left_child=-1 2 -2 4 5 -4
right_child=1 -3 3 -5 -6 -7
leaf_value=0.013132510362050107 0.21596031676977875 -0.0027456842808131045 -0.151107078829369 -0.027404129454061565 -0.017748700760638537 -0.413025343567133
leaf_weight=2151 20 1597 77 257 67 20
leaf_count=2151 20 1597 77 257 67 20
internal_value=1.30347e-05 -0.0138339 -0.0539877 -0.0668118 -0.128567 -0.205111
internal_weight=4189 2038 441 421 164 97
internal_count=4189 2038 441 421 164 97
is_linear=0
shrinkage=0.05


Tree=96
num_leaves=7
num_cat=0
split_feature=4 3 4 4 4 3
split_gain=306.964 339.516 621.248 462.939 368.618 357.453
threshold=-0.1192510883383071 -0.1275175938763117 0.89462987615923983 0.047439533768327137 0.85921193437191923 -0.089572393485806853
decision_type=2 2 2 2 2 2
left_child=-1 -2 3 -3 5 -5
right_child=1 2 -4 4 -6 -7
leaf_value=-0.062082734235415341 0.017260740207293665 0.093272427067552746 -0.11621798961738448 -0.058352136139994716 0.17980927446484565 -0.0017842391159987288
leaf_weight=190 2037 114 133 353 25 1337
leaf_count=190 2037 114 133 353 25 1337
internal_value=1.2383e-05 0.00296264 -0.011882 -0.00429499 -0.0107805 -0.0135999
internal_weight=4189 3999 1962 1829 1715 1690
internal_count=4189 3999 1962 1829 1715 1690
is_linear=0
shrinkage=0.05


Tree=97
num_leaves=7
num_cat=0
split_feature=4 3 4 4 7 0
split_gain=277.035 306.413 560.676 417.803 384.739 556.185
threshold=-0.1192510883383071 -0.1275175938763117 0.89462987615923983 0.047439533768327137 7.5000000000000009 36.778921131616961
decision_type=2 2 2 2 2 10
left_child=-1 -2 3 -3 5 -4
right_child=1 2 4 -5 -6 -7
leaf_value=-0.058978597415415085 0.016397703543453875 0.088608805129402557 -0.16148821704609451 -0.01024149851523253 -0.21326647747859911 0.10489555907746156
leaf_weight=190 2037 114 43 1715 54 36
leaf_count=190 2037 114 43 1715 54 36
internal_value=1.1764e-05 0.00281451 -0.0112879 -0.00408024 -0.110407 -0.0400981
internal_weight=4189 3999 1962 1829 133 79
internal_count=4189 3999 1962 1829 133 79
is_linear=0
shrinkage=0.05


Tree=98
num_leaves=7
num_cat=0
split_feature=4 1 3 4 4 7
split_gain=250.024 279.011 276.538 506.01 377.067 347.227
threshold=-0.1192510883383071 71.224244625291348 -0.1275175938763117 0.89462987615923983 0.047439533768327137 7.5000000000000009
decision_type=2 8 2 2 2 2
left_child=1 -1 -2 4 -4 -5
right_child=2 -3 3 5 -6 -7
leaf_value=-0.020802299467138421 0.015577818436555431 -0.16024396624416115 0.084178365453293449 -0.038093234145943122 -0.0097294234977077995 -0.2026031513043024
leaf_weight=142 2037 48 114 79 1715 54
leaf_count=142 2037 48 114 79 1715 54
internal_value=1.11759e-05 -0.0560297 0.00267378 -0.0107235 -0.00387623 -0.104887
internal_weight=4189 190 3999 1962 1829 133
internal_count=4189 190 3999 1962 1829 133
is_linear=0
shrinkage=0.05


Tree=99
num_leaves=7
num_cat=0
split_feature=4 3 3 4 4 7
split_gain=225.647 258.061 274.606 520.83 300.176 283.548
threshold=-0.1192510883383071 -0.34721916910094636 -0.31626255401558101 0.3664328273146597 -0.095290478846298529 12.500000000000002
decision_type=2 2 2 2 2 2
left_child=-1 -2 3 -3 -4 -5
right_child=1 2 4 5 -6 -7
leaf_value=-0.053228184653348047 0.045607137976912786 -0.18319582036728491 0.15620118210152273 0.1013676373719624 -6.914801184261113e-05 -0.12826916664838792
leaf_weight=190 320 58 31 41 3529 20
leaf_count=190 320 58 31 41 3529 20
internal_value=1.0617e-05 0.00254009 -0.00120589 -0.0759216 0.00129163 0.0260769
internal_weight=4189 3999 3679 119 3560 61
internal_count=4189 3999 3679 119 3560 61
is_linear=0
shrinkage=0.05


end of trees

feature_importances:
wt_dropbacks=146
wt_team_total_plays=101
def_short_pass_epa_adj=86
def_deep_pass_epa_adj=80
wt_team_pass_rate=76
games_played_so_far=56
draft_tier_int=34
is_cold_start_int=21

parameters:
[boosting: gbdt]
[objective: regression]
[metric: rmse]
[tree_learner: serial]
[device_type: cpu]
[data_sample_strategy: bagging]
[data: ]
[valid: ]
[num_iterations: 100]
[learning_rate: 0.05]
[num_leaves: 7]
[num_threads: 1]
[seed: 42]
[deterministic: 0]
[force_col_wise: 0]
[force_row_wise: 0]
[histogram_pool_size: -1]
[max_depth: -1]
[min_data_in_leaf: 20]
[min_sum_hessian_in_leaf: 0.001]
[bagging_fraction: 0.8]
[pos_bagging_fraction: 1]
[neg_bagging_fraction: 1]
[bagging_freq: 5]
[bagging_seed: 400]
[bagging_by_query: 0]
[feature_fraction: 0.8]
[feature_fraction_bynode: 1]
[feature_fraction_seed: 30056]
[extra_trees: 0]
[extra_seed: 12879]
[early_stopping_round: 0]
[early_stopping_min_delta: 0]
[first_metric_only: 0]
[max_delta_step: 0]
[lambda_l1: 0]
[lambda_l2: 0]
[linear_lambda: 0]
[min_gain_to_split: 0]
[drop_rate: 0.1]
[max_drop: 50]
[skip_drop: 0.5]
[xgboost_dart_mode: 0]
[uniform_drop: 0]
[drop_seed: 17869]
[top_rate: 0.2]
[other_rate: 0.1]
[min_data_per_group: 100]
[max_cat_threshold: 32]
[cat_l2: 10]
[cat_smooth: 10]
[max_cat_to_onehot: 4]
[top_k: 20]
[monotone_constraints: ]
[monotone_constraints_method: basic]
[monotone_penalty: 0]
[feature_contri: ]
[forcedsplits_filename: ]
[refit_decay_rate: 0.9]
[cegb_tradeoff: 1]
[cegb_penalty_split: 0]
[cegb_penalty_feature_lazy: ]
[cegb_penalty_feature_coupled: ]
[path_smooth: 0]
[interaction_constraints: ]
[verbosity: -1]
[saved_feature_importance_type: 0]
[use_quantized_grad: 0]
[num_grad_quant_bins: 4]
[quant_train_renew_leaf: 0]
[stochastic_rounding: 1]
[linear_tree: 0]
[max_bin: 255]
[max_bin_by_feature: ]
[min_data_in_bin: 3]
[bin_construct_sample_cnt: 200000]
[data_random_seed: 175]
[is_enable_sparse: 1]
[enable_bundle: 1]
[use_missing: 1]
[zero_as_missing: 0]
[feature_pre_filter: 0]
[pre_partition: 0]
[two_round: 0]
[header: 0]
[label_column: ]
[weight_column: ]
[group_column: ]
[ignore_column: ]
[categorical_feature: ]
[forcedbins_filename: ]
[precise_float_parser: 0]
[parser_config_file: ]
[objective_seed: 16083]
[num_class: 1]
[is_unbalance: 0]
[scale_pos_weight: 1]
[sigmoid: 1]
[boost_from_average: 1]
[reg_sqrt: 0]
[alpha: 0.9]
[fair_c: 1]
[poisson_max_delta_step: 0.7]
[tweedie_variance_power: 1.5]
[lambdarank_truncation_level: 30]
[lambdarank_norm: 1]
[label_gain: ]
[lambdarank_position_bias_regularization: 0]
[eval_at: ]
[multi_error_top_k: 1]
[auc_mu_weights: ]
[num_machines: 1]
[local_listen_port: 12400]
[time_out: 120]
[machine_list_filename: ]
[machines: ]
[gpu_platform_id: -1]
[gpu_device_id: -1]
[gpu_use_dp: 0]
[num_gpu: 1]

end of parameters
