tree
version=v4
num_class=1
num_tree_per_iteration=1
label_index=0
max_feature_idx=12
objective=regression
feature_names=prior_pass_epa_per_db baseline_pass_epa_per_db rolling_pass_epa_per_db form_residual is_cold_start_int draft_tier_int def_short_pass_epa_adj def_deep_pass_epa_adj wt_snap_share games_played_so_far def_used_fallback_int team_spread implied_total
feature_infos=[-0.41556821553462586:0.37467938604271406] [-0.41556821553462586:0.37467938604271406] [-2.3773082165425876:2.3085110459360294] [-2.275194851579831:2.2377132558508106] [0:1] [1:5] [-0.73725506298092958:0.3928410476739736] [-0.79597333607573151:1.6341569709872845] [0:1] [0:16] [0:1] [-20.5:20.5] [11.5:35.75]
tree_sizes=757 783 787 787 784 778 779 793 781 784 785 777 786 784 780 783 790 783 787 789 779 781 782 779 789 784 787 786 793 785 788 783 786 784 780 789 785 783 785 788 793 781 792 785 788 784 793 787 791 793 783 784 788 787 783 776 780 780 766 773 786 787 777 783 781 787 789 780 785 784 790 782 786 788 786 783 788 783 786 787 779 777 775 778 775 785 783 785 784 781 789 797 791 796 792 792 779 784 790 787 780 783 778 778

Tree=0
num_leaves=7
num_cat=0
split_feature=12 12 12 12 4 1
split_gain=25.677 7.58244 3.25798 2.55459 2.04912 1.47577
threshold=23.375000000000004 19.625000000000004 26.125000000000004 16.125000000000004 1.0000000180025095e-35 -0.074075695375034403
decision_type=10 8 10 10 2 2
left_child=1 3 5 -1 -3 -2
right_child=2 4 -4 -5 -6 -7
leaf_value=0.013693943490138695 0.024814368346845462 0.02814866579411238 0.03562726567105378 0.022121666662586411 0.024037516898386114 0.031809089911202466
leaf_weight=104 82 1139 727 664 413 938
leaf_count=104 82 1139 727 664 413 938
internal_value=0.0284914 0.0250439 0.0330697 0.0209804 0.0270547 0.0312468
internal_weight=4067 2320 1747 768 1552 1020
internal_count=4067 2320 1747 768 1552 1020
is_linear=0
shrinkage=1


Tree=1
num_leaves=7
num_cat=0
split_feature=12 12 12 2 8 1
split_gain=23.1735 6.88521 2.94033 2.62885 2.61089 2.1946
threshold=23.375000000000004 18.125000000000004 26.125000000000004 -0.11048971444368079 0.90099105981509353 0.081995270707982196
decision_type=10 8 10 10 10 2
left_child=1 -1 4 5 -2 -3
right_child=2 3 -4 -5 -6 -7
leaf_value=-0.0095213137701609402 -0.0026826202942328041 -0.0057668895567646898 0.0067660613952063194 -0.00076488730375905709 0.0038149148531690102 0.0025454640785819325
leaf_weight=372 190 580 727 1276 830 92
leaf_count=372 190 580 727 1276 830 92
internal_value=-1.30145e-05 -0.00328816 0.00433635 -0.00209785 0.00260459 -0.00462889
internal_weight=4067 2320 1747 1948 1020 672
internal_count=4067 2320 1747 1948 1020 672
is_linear=0
shrinkage=0.05


Tree=2
num_leaves=7
num_cat=0
split_feature=12 12 12 8 12 4
split_gain=20.9141 6.35178 2.65364 2.35633 2.19335 1.80419
threshold=23.375000000000004 19.625000000000004 26.125000000000004 0.90099105981509353 16.125000000000004 1.0000000180025095e-35
decision_type=10 8 10 10 10 2
left_child=1 4 3 -2 -1 -3
right_child=2 5 -4 -5 -6 -7
leaf_value=-0.013594528842860691 -0.0025484891477237015 -0.00025682354548762967 0.0064277583067966328 0.0036241692478769581 -0.0057853761033423278 -0.0041144528255377079
leaf_weight=104 190 1139 727 830 664 413
leaf_count=104 190 1139 727 830 664 413
internal_value=-1.23639e-05 -0.00312376 0.00411954 0.00247436 -0.00684287 -0.00128337
internal_weight=4067 2320 1747 1020 768 1552
internal_count=4067 2320 1747 1020 768 1552
is_linear=0
shrinkage=0.05


Tree=3
num_leaves=7
num_cat=0
split_feature=12 0 12 12 0 12
split_gain=18.8749 5.83767 2.64827 2.46402 1.77165 1.65808
threshold=23.375000000000004 -0.11997058962041283 17.625000000000004 27.875000000000004 -0.087896587779299123 20.375000000000004
decision_type=10 10 8 10 10 8
left_child=1 2 -1 4 -2 -3
right_child=3 5 -4 -5 -6 -7
leaf_value=-0.011398913543721217 -0.00073734926541881224 -0.0032604183443014491 -0.0046857700229632499 0.0075993641325880577 0.0038212972153164357 0.00041141105166562949
leaf_weight=181 263 470 780 360 1124 889
leaf_count=181 263 470 780 360 1124 889
internal_value=-1.17457e-05 -0.00296757 -0.00595016 0.00391356 0.0029569 -0.000858464
internal_weight=4067 2320 961 1747 1387 1359
internal_count=4067 2320 961 1747 1387 1359
is_linear=0
shrinkage=0.05


Tree=4
num_leaves=7
num_cat=0
split_feature=12 12 0 12 12 0
split_gain=17.0346 5.30294 2.77595 2.23758 1.86234 1.25811
threshold=23.375000000000004 19.625000000000004 -0.038601473245963615 26.125000000000004 16.125000000000004 -0.087896587779299123
decision_type=10 8 10 10 10 10
left_child=1 4 -3 5 -1 -2
right_child=3 2 -4 -5 -6 -7
leaf_value=-0.012438762456384631 -0.0012108623962619827 -0.0034614436786315167 0.0007866132821679584 0.0058374396187967159 -0.0052429615759631062 0.0031093334512177903
leaf_weight=104 213 703 849 727 664 807
leaf_count=104 213 703 849 727 664 807
internal_value=-1.11583e-05 -0.00281919 -0.0011376 0.00371788 -0.00621739 0.00220717
internal_weight=4067 2320 1552 1747 768 1020
internal_count=4067 2320 1552 1747 768 1020
is_linear=0
shrinkage=0.05


Tree=5
num_leaves=7
num_cat=0
split_feature=12 12 0 8 12 11
split_gain=15.3551 4.74389 2.72268 2.62727 2.0172 1.20915
threshold=23.375000000000004 17.875000000000004 -0.12569006735175534 0.77766873923605795 25.375000000000004 -2.7499999999999996
decision_type=10 8 10 8 10 10
left_child=1 -1 -3 -2 5 -5
right_child=3 2 -4 4 -6 -7
leaf_value=-0.0082170765890302103 -0.0052677499793493485 -0.0040688100441239727 -0.0002603462209446809 0.0071690691685576862 0.0055421072262465398 0.0012144701288696773
leaf_weight=317 79 736 1295 99 973 614
leaf_count=317 79 736 1295 99 973 614
internal_value=0.000120383 -0.00252837 -0.00164047 0.00364405 0.00406162 0.00204127
internal_weight=4113 2348 2031 1765 1686 713
internal_count=4113 2348 2031 1765 1686 713
is_linear=0
shrinkage=0.05


Tree=6
num_leaves=7
num_cat=0
split_feature=12 12 0 8 12 6
split_gain=13.858 4.28136 2.45722 2.37111 1.82053 1.21836
threshold=23.375000000000004 17.875000000000004 -0.12569006735175534 0.77766873923605795 25.375000000000004 -0.30810131809561508
decision_type=10 8 10 8 10 2
left_child=1 -1 5 -2 -5 -3
right_child=3 2 -4 4 -6 -7
leaf_value=-0.0078062227676781951 -0.0050043626832834724 -0.0096105091077866179 -0.00024732891373780401 0.0019392027086371768 0.005265001934434901 -0.0031450308905103946
leaf_weight=317 79 82 1295 713 973 654
leaf_count=317 79 82 1295 713 973 654
internal_value=0.000114364 -0.00240195 -0.00155845 0.00346184 0.00385854 -0.00386537
internal_weight=4113 2348 2031 1765 1686 736
internal_count=4113 2348 2031 1765 1686 736
is_linear=0
shrinkage=0.05


Tree=7
num_leaves=7
num_cat=0
split_feature=12 12 2 12 0 0
split_gain=12.5069 3.86393 2.40925 2.03934 1.85351 1.78276
threshold=23.375000000000004 17.875000000000004 -0.067722212954572189 27.125000000000004 -0.076297211407474655 -0.20207702651097897
decision_type=10 8 10 10 10 10
left_child=1 -1 4 5 -3 -2
right_child=3 2 -4 -5 -6 -7
leaf_value=-0.0074159117219624428 -0.0022017818892863098 -0.0055622508046757422 -1.0670409910628533e-05 0.0059548693543554554 -0.00087556195688070809 0.0030111292364935127
leaf_weight=317 194 479 1175 510 377 1061
leaf_count=317 194 479 1175 510 377 1061
internal_value=0.000108646 -0.00228185 -0.00148052 0.00328875 -0.00349814 0.00220531
internal_weight=4113 2348 2031 1765 856 1255
internal_count=4113 2348 2031 1765 856 1255
is_linear=0
shrinkage=0.05


Tree=8
num_leaves=7
num_cat=0
split_feature=12 12 12 0 2 2
split_gain=11.3737 2.92464 2.54759 1.71603 1.60001 1.49182
threshold=22.375000000000004 17.875000000000004 25.625000000000004 -0.12569006735175534 -0.142658995821764 0.19791327300954115
decision_type=10 8 10 10 10 8
left_child=1 -1 4 -3 -2 -4
right_child=2 3 5 -5 -6 -7
leaf_value=-0.0070451159687743639 -0.0026246638703502686 -0.0038199595889553254 0.0026769792097237053 -0.00051071954689820335 0.0019940212177759413 0.0067032435335284378
leaf_weight=317 231 642 481 1005 996 441
leaf_count=317 231 642 481 1005 996 441
internal_value=0.000103213 -0.00264714 0.0026168 -0.00180066 0.00112449 0.00460277
internal_weight=4113 1964 2149 1647 1227 922
internal_count=4113 1964 2149 1647 1227 922
is_linear=0
shrinkage=0.05


Tree=9
num_leaves=7
num_cat=0
split_feature=12 12 12 0 3 8
split_gain=10.2648 2.63949 2.2992 1.57325 1.45378 1.44645
threshold=22.375000000000004 17.875000000000004 25.625000000000004 -0.076297211407474655 0.11092840363781989 0.77766873923605795
decision_type=10 8 10 10 10 10
left_child=1 -1 5 4 -3 -2
right_child=2 3 -4 -5 -6 -7
leaf_value=-0.0066928602853995219 -0.00272051733364262 -0.0046234294808527926 0.0043726351325079271 -0.00025022356517695894 0.00031535853136594952 0.0018461184989413005
leaf_weight=317 209 576 922 870 201 1018
leaf_count=317 209 576 922 870 201 1018
internal_value=9.80527e-05 -0.00251479 0.00248596 -0.00171063 -0.00334583 0.00106826
internal_weight=4113 1964 2149 1647 777 1227
internal_count=4113 1964 2149 1647 777 1227
is_linear=0
shrinkage=0.05


Tree=10
num_leaves=7
num_cat=0
split_feature=12 12 12 8 2 0
split_gain=9.6944 2.78404 2.04958 1.89704 1.39385 1.13142
threshold=22.375000000000004 27.125000000000004 16.875000000000004 0.66550817698505282 0.20371088163994169 0.015126285731405511
decision_type=8 10 10 10 8 10
left_child=2 3 -1 -2 -3 -4
right_child=1 4 5 -5 -6 -7
leaf_value=-0.0081560776126283555 -0.0025954898974678048 0.0026514737086697111 -0.0031120304888358021 0.0018587106969222276 0.0078459984698171798 -0.00023961634059367954
leaf_weight=162 283 251 1158 1539 266 487
leaf_count=162 283 251 1158 1539 266 487
internal_value=-3.93443e-05 0.00208576 -0.0027901 0.00116687 0.00532409 -0.00226166
internal_weight=4146 2339 1807 1822 517 1645
internal_count=4146 2339 1807 1822 517 1645
is_linear=0
shrinkage=0.05


Tree=11
num_leaves=7
num_cat=0
split_feature=11 2 8 11 6 7
split_gain=6.90387 2.83507 2.28146 1.891 1.3559 1.2004
threshold=2.2500000000000004 0.20032119818519659 0.99772038011871067 -11.249999999999998 -0.11982725496060735 0.062958982921709192
decision_type=8 10 10 10 2 2
left_child=2 4 3 -1 -2 -6
right_child=1 -3 -4 -5 5 -7
leaf_value=-0.010923428850248457 -0.00058562043663298521 0.0054986399406117912 2.4302418928518007e-05 -0.0027531847309171047 -0.0046432125953422788 0.0031006836994439649
leaf_weight=75 661 484 918 1271 54 683
leaf_count=75 661 484 918 1271 54 683
internal_value=-3.7377e-05 0.00220047 -0.00189763 -0.00320844 0.00105861 0.00253329
internal_weight=4146 1882 2264 1346 1398 737
internal_count=4146 1882 2264 1346 1398 737
is_linear=0
shrinkage=0.05


Tree=12
num_leaves=7
num_cat=0
split_feature=12 12 12 8 6 0
split_gain=8.15788 2.36821 1.76141 1.6853 1.05509 1.01319
threshold=22.375000000000004 27.125000000000004 16.875000000000004 0.66550817698505282 -0.031723804919653133 0.015126285731405511
decision_type=8 10 10 10 2 10
left_child=2 3 -1 4 -2 -4
right_child=1 -3 5 -5 -6 -7
leaf_value=-0.0075333436750548172 -0.004229925386033769 0.0049006395204518735 -0.0028737010747173783 0.0017185231644647357 0.0028457748294541882 -0.00015551815749056044
leaf_weight=162 213 517 1158 1539 70 487
leaf_count=162 213 517 1158 1539 70 487
internal_value=-3.55082e-05 0.00191392 -0.00255887 0.00106643 -0.00247975 -0.00206899
internal_weight=4146 2339 1807 1822 283 1645
internal_count=4146 2339 1807 1822 283 1645
is_linear=0
shrinkage=0.05


Tree=13
num_leaves=7
num_cat=0
split_feature=12 12 12 0 6 2
split_gain=7.36249 2.13731 1.58967 1.53526 1.20556 1.43242
threshold=22.375000000000004 27.125000000000004 16.875000000000004 -0.20207702651097897 -0.11649128514458552 0.34091674479412187
decision_type=8 10 10 10 2 10
left_child=2 3 -1 -2 5 -5
right_child=1 -3 -4 4 -6 -7
leaf_value=-0.0071566765073019971 -0.0021135958088486207 0.0046556074654807772 -0.0019655374126238095 -0.00021978235556456934 0.0031896290309887474 0.0082893910479538563
leaf_weight=162 323 517 1645 740 706 53
leaf_count=162 323 517 1645 740 706 53
internal_value=-3.37328e-05 0.00181823 -0.00243093 0.00101311 0.00168684 0.000348927
internal_weight=4146 2339 1807 1822 1499 793
internal_count=4146 2339 1807 1822 1499 793
is_linear=0
shrinkage=0.05


Tree=14
num_leaves=7
num_cat=0
split_feature=0 8 6 3 0 7
split_gain=5.10756 2.3843 2.12734 1.98712 1.58143 1.316
threshold=-0.076297211407474655 0.9957037721126899 -0.11982725496060735 -0.23934149314345984 0.12785295234847632 -0.066082939452425701
decision_type=10 10 2 10 10 2
left_child=1 5 4 -3 -2 -1
right_child=2 3 -4 -5 -6 -7
leaf_value=-0.010719415202125241 -0.0012302528871871621 -0.0085858361707703973 0.0027376818356095243 0.0015088946294633235 0.0022197523916370021 -0.0034428845582326994
leaf_weight=67 978 55 1258 429 503 856
leaf_count=67 978 55 1258 429 503 856
internal_value=-3.20461e-05 -0.00248061 0.00122576 0.000361766 -5.8509e-05 -0.00397108
internal_weight=4146 1407 2739 484 1481 923
internal_count=4146 1407 2739 484 1481 923
is_linear=0
shrinkage=0.05


Tree=15
num_leaves=7
num_cat=0
split_feature=0 11 2 6 11 7
split_gain=5.61553 2.05133 2.03765 1.00252 0.991681 0.897919
threshold=-0.076297211407474655 4.7500000000000009 -0.17068344016089851 -0.092384845968150123 1.7500000000000002 0.70975081715277166
decision_type=10 10 10 2 10 2
left_child=2 -2 5 4 -4 -1
right_child=1 -3 3 -5 -6 -7
leaf_value=-0.0042882586940177917 0.00039564709325997575 0.003493594087751282 -0.00378561632864673 0.00087673736509233922 0.0011951266621200969 -0.010362470797263088
leaf_weight=465 1979 732 402 356 133 70
leaf_count=465 1979 732 402 356 133 70
internal_value=-0.000103907 0.00123213 -0.00264387 -0.00117929 -0.00254741 -0.00508302
internal_weight=4137 2711 1426 891 535 535
internal_count=4137 2711 1426 891 535 535
is_linear=0
shrinkage=0.05


Tree=16
num_leaves=7
num_cat=0
split_feature=12 0 6 2 12 2
split_gain=6.89803 2.18669 1.95567 1.17882 1.05213 0.823731
threshold=21.375000000000004 -0.039710165150209475 -0.1177141452235704 -0.097907955371270436 16.125000000000004 -0.35164939204146778
decision_type=10 10 2 10 8 8
left_child=4 2 3 -2 -1 -6
right_child=1 -3 -4 -5 5 -7
leaf_value=-0.0075319299345747341 -0.0081747592804354754 0.0023809944642686994 0.0015329685281323462 -0.0016490608705219175 -0.0072218587854167267 -0.0020651083276393991
leaf_weight=105 105 1883 366 203 82 1393
leaf_count=105 105 1883 366 203 82 1393
internal_value=-9.87119e-05 0.00150621 -0.000937749 -0.00387373 -0.00269604 -0.00235179
internal_weight=4137 2557 674 308 1580 1475
internal_count=4137 2557 674 308 1580 1475
is_linear=0
shrinkage=0.05


Tree=17
num_leaves=7
num_cat=0
split_feature=12 0 6 2 12 6
split_gain=6.22547 1.97349 1.765 1.06389 0.951279 0.810679
threshold=21.375000000000004 -0.039710165150209475 -0.1177141452235704 -0.097907955371270436 16.875000000000004 -0.12108809221873608
decision_type=10 10 2 10 8 2
left_child=4 2 3 -2 -1 -3
right_child=1 5 -4 -5 -6 -7
leaf_value=-0.0062548213336575233 -0.0077660212756711106 0.0012650202964532425 0.0014563200739991617 -0.001566607895217781 -0.002153722378074643 0.003341578602994881
leaf_weight=157 105 979 366 203 1423 904
leaf_count=157 105 979 366 203 1423 904
internal_value=-9.37763e-05 0.0014309 -0.000890861 -0.00368004 -0.00256124 0.00226194
internal_weight=4137 2557 674 308 1580 1883
internal_count=4137 2557 674 308 1580 1883
is_linear=0
shrinkage=0.05


Tree=18
num_leaves=7
num_cat=0
split_feature=12 6 1 8 12 6
split_gain=5.61849 1.66178 1.96339 0.898081 0.874736 0.844975
threshold=21.375000000000004 -0.1177141452235704 -0.071916647627872657 0.98624406578572632 16.125000000000004 -0.13801264544939776
decision_type=10 2 2 10 8 2
left_child=4 2 3 -2 -1 -4
right_child=1 -3 5 -5 -6 -7
leaf_value=-0.0068425922053644344 -0.010668054480399741 0.0026617201175692371 0.0011852181264230162 -0.0014869000804610551 -0.0021192840759388875 -0.0028737055097885229
leaf_weight=105 57 1251 1053 50 1475 146
leaf_count=105 57 1251 1053 50 1475 146
internal_value=-8.90874e-05 0.00135935 0.00011183 -0.0063778 -0.00243317 0.000690971
internal_weight=4137 2557 1306 107 1580 1199
internal_count=4137 2557 1306 107 1580 1199
is_linear=0
shrinkage=0.05


Tree=19
num_leaves=7
num_cat=0
split_feature=12 0 6 2 2 6
split_gain=5.07069 1.7236 1.45188 0.937232 0.901272 0.666856
threshold=21.375000000000004 -0.039710165150209475 -0.1177141452235704 -0.097907955371270436 -0.35164939204146778 -0.12108809221873608
decision_type=10 10 2 10 8 2
left_child=4 2 3 -2 -1 -3
right_child=1 5 -4 -5 -6 -7
leaf_value=-0.0065737698357754759 -0.007243173306591676 0.0011638602479728437 0.0012504181044944054 -0.0014244693162370895 -0.0019769364378495308 0.0030472307384695496
leaf_weight=115 105 979 366 203 1465 904
leaf_count=115 105 979 366 203 1465 904
internal_value=-8.46331e-05 0.00129138 -0.000878409 -0.00340812 -0.00231152 0.00206804
internal_weight=4137 2557 674 308 1580 1883
internal_count=4137 2557 674 308 1580 1883
is_linear=0
shrinkage=0.05


Tree=20
num_leaves=7
num_cat=0
split_feature=12 8 7 12 7 6
split_gain=4.30747 2.05236 1.46851 1.48796 1.14118 0.922268
threshold=19.625000000000004 0.47160349854227407 0.15870603517429091 25.375000000000004 0.42448021610301584 -0.11649128514458552
decision_type=8 8 2 10 2 2
left_child=-1 4 -3 5 -2 -4
right_child=1 2 3 -5 -6 -7
leaf_value=-0.0034654491775054433 -0.010990680681476206 -0.0013481584139897621 -0.00051307432140190116 0.0030699413219316893 -0.0007984769249440364 0.0017521911899288712
leaf_weight=788 57 611 957 868 53 847
leaf_count=788 57 611 957 868 53 847
internal_value=-0.000135251 0.000638164 0.000863259 0.00136894 -0.00607989 0.000550495
internal_weight=4181 3393 3283 2672 110 1804
internal_count=4181 3393 3283 2672 110 1804
is_linear=0
shrinkage=0.05


Tree=21
num_leaves=7
num_cat=0
split_feature=12 7 12 0 11 0
split_gain=3.8875 1.68377 1.43259 1.11677 1.22137 1.07006
threshold=19.625000000000004 0.15870603517429091 25.375000000000004 -0.039710165150209475 2.7500000000000004 -0.11997058962041283
decision_type=8 2 10 10 8 10
left_child=5 3 -3 4 -2 -1
right_child=1 2 -4 -5 -6 -7
leaf_value=-0.0048684357794719383 -0.0022384884798037651 0.00035705888266869198 0.0027977546954877403 -0.00030785530021653403 -0.010792916445643641 -0.0011384294104687912
leaf_weight=455 137 1875 885 436 60 333
leaf_count=455 137 1875 885 436 60 333
internal_value=-0.000128488 0.000606256 0.00113967 -0.00171955 -0.0048439 -0.00329218
internal_weight=4181 3393 2760 633 197 788
internal_count=4181 3393 2760 633 197 788
is_linear=0
shrinkage=0.05


Tree=22
num_leaves=7
num_cat=0
split_feature=12 8 2 0 0 11
split_gain=3.50846 1.83073 1.16659 0.96573 0.799963 0.73286
threshold=19.625000000000004 0.61202702702702716 0.19133544159949134 -0.11997058962041283 0.14806910830391137 4.7500000000000009
decision_type=8 8 10 10 10 8
left_child=3 -2 4 -1 -3 -4
right_child=1 2 5 -5 -6 -7
leaf_value=-0.0046250139817777458 -0.0047504756348313425 -0.00012171682695983684 0.001281952551534781 -0.001081507949883261 0.0021882011524528779 0.0044635326453241709
leaf_weight=455 154 2024 454 333 460 301
leaf_count=455 154 2024 454 333 460 301
internal_value=-0.000122064 0.000575943 0.00082919 -0.00312757 0.000306046 0.00255037
internal_weight=4181 3393 3239 788 2484 755
internal_count=4181 3393 3239 788 2484 755
is_linear=0
shrinkage=0.05


Tree=23
num_leaves=7
num_cat=0
split_feature=12 8 7 11 7 8
split_gain=3.16639 1.67331 1.17898 1.16441 1.00435 0.793755
threshold=19.625000000000004 0.47160349854227407 0.15870603517429091 2.7500000000000004 0.42448021610301584 0.8596525086875576
decision_type=8 8 2 8 2 10
left_child=5 4 -3 -4 -2 -1
right_child=1 2 3 -5 -6 -7
leaf_value=-0.0051507669573499669 -0.010125894532865731 -0.0012310627754453765 0.00013039982319456219 0.0022187433799937162 -0.00056421018363732214 -0.0018158018286622503
leaf_weight=273 57 611 1299 1373 53 515
leaf_count=273 57 611 1299 1373 53 515
internal_value=-0.000115961 0.000547146 0.000750394 0.00120349 -0.0055189 -0.00297119
internal_weight=4181 3393 3283 2672 110 788
internal_count=4181 3393 3283 2672 110 788
is_linear=0
shrinkage=0.05


Tree=24
num_leaves=7
num_cat=0
split_feature=12 8 2 6 1 2
split_gain=2.85767 1.51209 1.03931 0.962472 0.949367 1.12945
threshold=19.625000000000004 0.61202702702702716 0.19133544159949134 -0.11982725496060735 -0.015809176595237163 -0.097907955371270436
decision_type=8 8 10 2 2 10
left_child=-1 -2 3 4 5 -3
right_child=1 2 -4 -5 -6 -7
leaf_value=-0.0028226300286581041 -0.004320955147978838 -0.008269940536323352 0.0023745185707962535 0.0012277750862042724 -4.7255148076217121e-05 -0.0010895877014263533
leaf_weight=788 154 83 755 1258 982 161
leaf_count=788 154 83 755 1258 982 161
internal_value=-0.000110163 0.000519788 0.000749944 0.000256163 -0.00074081 -0.00353208
internal_weight=4181 3393 3239 2484 1226 244
internal_count=4181 3393 3239 2484 1226 244
is_linear=0
shrinkage=0.05


Tree=25
num_leaves=7
num_cat=0
split_feature=0 6 12 12 11 0
split_gain=2.86883 1.1085 0.88853 0.837462 0.824825 0.814367
threshold=0.059572535460013051 -0.27319998451310928 24.875000000000004 23.125000000000004 -11.249999999999998 0.077814229976649912
decision_type=10 2 10 8 8 10
left_child=1 3 -2 -1 -3 -4
right_child=2 4 5 -5 -6 -7
leaf_value=-0.0045999998356308974 0.00041962582003583928 -0.0062380900745210967 0.007686750402698588 0.00045049321121984614 -0.00047214214324297764 0.0022402869746633385
leaf_weight=342 828 64 76 108 2009 708
leaf_count=342 828 64 76 108 2009 708
internal_value=-8.5744e-05 -0.00113845 0.00156189 -0.00338788 -0.000650155 0.00276826
internal_weight=4135 2523 1612 450 2073 784
internal_count=4135 2523 1612 450 2073 784
is_linear=0
shrinkage=0.05


Tree=26
num_leaves=7
num_cat=0
split_feature=12 0 6 11 7 7
split_gain=2.63517 1.24826 1.29482 0.858371 0.676485 0.663441
threshold=25.375000000000004 0.13592708949471372 -0.21743848153645309 -11.249999999999998 -0.19952886448606438 0.23551729713094746
decision_type=10 10 2 8 2 2
left_child=1 2 5 -4 -5 -1
right_child=-2 -3 3 4 -6 -7
leaf_value=-0.0046850189378882896 0.0021682668553201973 0.001873500208150827 -0.006444210507746401 -0.0060058902730233971 -0.0001108537057597571 -0.0017437097102159724
leaf_weight=302 990 386 58 50 1824 525
leaf_count=302 990 386 58 50 1824 525
internal_value=-8.14568e-05 -0.000789637 -0.00116223 -0.000453549 -0.000268139 -0.0028178
internal_weight=4135 3145 2759 1932 1874 827
internal_count=4135 3145 2759 1932 1874 827
is_linear=0
shrinkage=0.05


Tree=27
num_leaves=7
num_cat=0
split_feature=0 3 9 6 6 6
split_gain=2.41723 1.18732 1.00144 1.25823 0.911124 0.909294
threshold=0.064311696241932545 0.043011395325138035 3.5000000000000004 -0.11492377488752072 -0.079932591448981224 -0.32342381632644029
decision_type=10 10 2 2 2 2
left_child=1 2 3 -1 -5 -3
right_child=-2 5 -4 4 -6 -7
leaf_value=-0.0022407046657167301 0.0014862243162443094 -0.003671380086325371 -0.0027074318065421262 0.0089673496270552284 0.0011117220315248343 0.00082438316464573827
leaf_weight=246 1547 128 1096 50 141 927
leaf_count=246 1547 128 1096 50 141 927
internal_value=-7.7384e-05 -0.00101204 -0.00190048 0.000123357 0.00316817 0.000278926
internal_weight=4135 2588 1533 437 191 1055
internal_count=4135 2588 1533 437 191 1055
is_linear=0
shrinkage=0.05


Tree=28
num_leaves=7
num_cat=0
split_feature=12 12 1 2 6 2
split_gain=2.26774 1.0858 1.06713 0.645404 0.562767 0.602583
threshold=25.375000000000004 17.625000000000004 0.10511314406547388 0.013502219032293915 -0.38911455830243713 -0.24888584718136461
decision_type=10 8 2 8 2 8
left_child=1 -1 4 -2 -3 -6
right_child=3 2 -4 -5 5 -7
leaf_value=-0.0036734968445492552 -0.00081042169837192406 -0.0043438594636466847 0.0014313430388868907 0.0025906269547686439 -0.0033812225110725399 -0.00048583104213120645
leaf_weight=285 168 115 603 822 198 1944
leaf_count=285 168 115 603 822 198 1944
internal_value=-7.35148e-05 -0.00073047 -0.000437196 0.00201348 -0.000936412 -0.000753472
internal_weight=4135 3145 2860 990 2257 2142
internal_count=4135 3145 2860 990 2257 2142
is_linear=0
shrinkage=0.05


Tree=29
num_leaves=7
num_cat=0
split_feature=0 3 6 2 7 0
split_gain=2.047 1.22736 1.11958 0.794686 0.844621 0.753671
threshold=0.01289019885515136 0.043011395325138035 -0.32342381632644029 0.18965096120750366 0.080563630058360022 -0.20207702651097897
decision_type=10 10 2 8 2 10
left_child=1 -1 -3 -2 -5 -4
right_child=3 2 5 4 -6 -7
leaf_value=-0.0021708885295688121 0.00032713083525724777 -0.0045552503165423074 -0.0011132831313193246 -0.0026305480885008975 0.0029741467483863412 0.0021545446625168552
leaf_weight=1240 1308 105 279 75 648 480
leaf_count=1240 1308 105 279 75 648 480
internal_value=-6.98391e-05 -0.00116285 0.000283882 0.00106245 0.00239275 0.000953327
internal_weight=4135 2104 864 2031 723 759
internal_count=4135 2104 864 2031 723 759
is_linear=0
shrinkage=0.05


Tree=30
num_leaves=7
num_cat=0
split_feature=8 11 6 3 2 11
split_gain=1.53864 1.38259 0.830308 0.817044 0.68806 0.64133
threshold=0.47160349854227407 4.7500000000000009 -0.10385134894661301 0.34897384982331353 0.19133544159949134 -10.249999999999998
decision_type=8 10 2 10 8 8
left_child=-1 2 3 5 -3 -2
right_child=1 4 -4 -5 -6 -7
leaf_value=-0.0049450177803488544 -0.0052074676599738233 0.00081563326116032878 0.0007426992928931573 0.0041517351368192497 0.0037343663746339318 -0.00092732083083103996
leaf_weight=152 92 506 1189 76 336 1797
leaf_count=152 92 506 1189 76 336 1797
internal_value=-7.48949e-06 0.000180324 -0.000300216 -0.000931273 0.00198035 -0.00113578
internal_weight=4148 3996 3154 1965 842 1889
internal_count=4148 3996 3154 1965 842 1889
is_linear=0
shrinkage=0.05


Tree=31
num_leaves=7
num_cat=0
split_feature=12 1 2 6 5 7
split_gain=1.48429 1.13949 0.858736 0.803467 0.879078 0.569645
threshold=18.125000000000004 0.15681947201657973 -0.33782706116047406 -0.25190374408616495 3.5000000000000004 0.062958982921709192
decision_type=8 2 8 2 2 2
left_child=3 2 -2 -1 -5 -4
right_child=1 -3 5 4 -6 -7
leaf_value=-0.005865907970852474 -0.0043897564500054746 0.0022673847183695118 -0.0017791723022338929 -0.0059727732981763671 0.00082443119250323127 0.00032135173720103122
leaf_weight=148 112 612 367 67 164 2678
leaf_count=148 112 612 367 67 164 2678
internal_value=-7.115e-06 0.000292813 -8.9968e-05 -0.00298977 -0.00114705 6.81851e-05
internal_weight=4148 3769 3157 379 231 3045
internal_count=4148 3769 3157 379 231 3045
is_linear=0
shrinkage=0.05


Tree=32
num_leaves=7
num_cat=0
split_feature=2 12 7 0 1 0
split_gain=1.37348 1.16775 0.853239 0.911641 0.742761 0.712162
threshold=-0.55945195390203939 23.625000000000004 0.18201003105705035 -0.0012530356046809119 0.050914458869526551 0.13592708949471372
decision_type=8 8 2 8 2 10
left_child=-1 5 3 -3 -5 -2
right_child=1 2 -4 4 -6 -7
leaf_value=-0.0076470324151410628 -0.00091644299087060243 0.0046732629147859727 0.0015606488460225272 -0.008054033984430135 -0.0012440136960471301 0.0021438978556721834
leaf_weight=58 2102 52 1476 50 201 209
leaf_count=58 2102 52 1476 50 201 209
internal_value=-6.75928e-06 0.000101587 0.00106452 -0.00135227 -0.00260059 -0.000639675
internal_weight=4148 4090 1779 303 251 2311
internal_count=4148 4090 1779 303 251 2311
is_linear=0
shrinkage=0.05


Tree=33
num_leaves=7
num_cat=0
split_feature=12 8 0 3 0 0
split_gain=1.28343 1.02805 0.81168 0.61409 0.735531 0.714953
threshold=18.125000000000004 0.47160349854227407 0.15681947201657973 0.25042791181678131 -0.1824585206464425 -0.16848678251243607
decision_type=8 8 10 10 10 8
left_child=-1 -2 3 5 -5 -3
right_child=1 2 -4 4 -6 -7
leaf_value=-0.002779932124162398 -0.0041317577656172942 -0.006071114985272289 0.0020881398219001379 0.0061668191556897428 0.00069724256971492827 -3.6500582560718421e-05
leaf_weight=379 128 50 612 85 222 2672
leaf_count=379 128 50 612 85 222 2672
internal_value=-6.42129e-06 0.000272475 0.000427307 9.17406e-05 0.00221162 -0.000147349
internal_weight=4148 3769 3641 3029 307 2722
internal_count=4148 3769 3641 3029 307 2722
is_linear=0
shrinkage=0.05


Tree=34
num_leaves=7
num_cat=0
split_feature=8 11 12 7 12 12
split_gain=1.20576 0.980588 0.549924 0.575064 0.532527 0.527644
threshold=0.90099105981509353 4.7500000000000009 16.375000000000004 0.03465956117767658 26.375000000000004 18.125000000000004
decision_type=8 10 8 2 8 8
left_child=2 5 -1 -4 -5 -2
right_child=1 -3 3 4 -6 -7
leaf_value=-0.0067115397107305151 -0.0022487728138003149 0.0019154728934098865 -0.0059336859583819408 -0.0015322839698717157 0.003581177654804809 0.00013694088729310536
leaf_weight=56 256 788 66 477 57 2448
leaf_count=56 256 788 66 477 57 2448
internal_value=-6.10022e-06 0.000363384 -0.00197293 -0.00153066 -0.000986465 -8.89255e-05
internal_weight=4148 3492 656 600 534 2704
internal_count=4148 3492 656 600 534 2704
is_linear=0
shrinkage=0.05


Tree=35
num_leaves=7
num_cat=0
split_feature=1 2 12 1 9 2
split_gain=1.56295 0.79507 0.776355 0.680459 0.654938 1.74228
threshold=0.14964332219729123 -0.55945195390203939 23.625000000000004 0.13626278191293181 3.5000000000000004 -0.55945195390203939
decision_type=2 8 10 2 2 10
left_child=1 -1 4 -4 -3 -6
right_child=-2 2 3 -5 5 -7
leaf_value=-0.0064705466399363311 0.0022137222872023049 0.00069956071647056864 0.0011921906539314952 -0.0033874646032927558 -0.0087673406223640667 -0.00092262875465079627
leaf_weight=52 729 566 1036 88 74 1626
leaf_count=52 729 566 1036 88 74 1626
internal_value=0.000110602 -0.000334829 -0.000240712 0.000833641 -0.000773621 -0.0012641
internal_weight=4171 3442 3390 1124 2266 1700
internal_count=4171 3442 3390 1124 2266 1700
is_linear=0
shrinkage=0.05


Tree=36
num_leaves=7
num_cat=0
split_feature=1 2 12 1 9 2
split_gain=1.41056 0.71755 0.70066 0.614114 0.591082 1.57241
threshold=0.14964332219729123 -0.55945195390203939 23.625000000000004 0.13626278191293181 3.5000000000000004 -0.55945195390203939
decision_type=2 8 10 2 2 10
left_child=1 -1 4 -4 -3 -6
right_child=-2 2 3 -5 5 -7
leaf_value=-0.0061470192221279906 0.0021030362076270561 0.00066458270955624518 0.00113258113045516 -0.0032180913559965449 -0.0083289734657375596 -0.00087649733208172579
leaf_weight=52 729 566 1036 88 74 1626
leaf_count=52 729 566 1036 88 74 1626
internal_value=0.000105072 -0.000318088 -0.000228676 0.000791959 -0.00073494 -0.0012009
internal_weight=4171 3442 3390 1124 2266 1700
internal_count=4171 3442 3390 1124 2266 1700
is_linear=0
shrinkage=0.05


Tree=37
num_leaves=7
num_cat=0
split_feature=1 7 2 9 2 7
split_gain=1.27303 0.772911 0.758858 0.764608 0.588565 0.500386
threshold=0.14964332219729123 0.062958982921709192 0.28357253449463921 11.500000000000002 -0.33782706116047406 0.37129897370921849
decision_type=2 2 10 2 8 2
left_child=1 -1 4 -4 5 -3
right_child=-2 2 3 -5 -6 -7
leaf_value=-0.0022516492422581832 0.0019978844169108501 -0.0073908307077363141 0.0011771208002791728 0.0078715118282060657 -8.2113610278997128e-05 -0.0012544385098141968
leaf_weight=443 729 50 203 54 2593 99
leaf_count=443 729 50 203 54 2593 99
internal_value=9.98184e-05 -0.000302183 -1.42162e-05 0.00258372 -0.000257714 -0.00331363
internal_weight=4171 3442 2999 257 2742 149
internal_count=4171 3442 2999 257 2742 149
is_linear=0
shrinkage=0.05


Tree=38
num_leaves=7
num_cat=0
split_feature=1 6 12 11 6 7
split_gain=1.14891 0.768832 0.837927 0.895426 0.706932 0.627725
threshold=0.14964332219729123 -0.040127244611109926 20.875000000000004 -1.2499999999999998 -0.37680825989247352 0.23266096628787777
decision_type=2 2 8 8 2 2
left_child=1 5 -3 -4 -2 -1
right_child=4 2 3 -5 -6 -7
leaf_value=-0.0019304396476991434 -0.0033489531465466689 -0.0017519488840976576 0.004900614207277873 0.00076378570545602292 0.0023600344354379752 -0.00021657309516369698
leaf_weight=766 59 217 175 518 670 1766
leaf_count=766 59 217 175 518 670 1766
internal_value=9.48275e-05 -0.000287074 0.000959424 0.00180844 0.00189799 -0.000735065
internal_weight=4171 3442 910 693 729 2532
internal_count=4171 3442 910 693 729 2532
is_linear=0
shrinkage=0.05


Tree=39
num_leaves=7
num_cat=0
split_feature=0 7 6 0 3 1
split_gain=1.05028 0.708167 0.643701 0.716523 0.592351 0.828426
threshold=0.01289019885515136 0.18988498533241591 -0.092384845968150123 -0.20207702651097897 0.047200604388428227 0.037287636185870554
decision_type=10 2 2 8 10 2
left_child=2 -2 3 -1 -5 -6
right_child=1 -3 -4 4 5 -7
leaf_value=-0.0072184620402314234 -0.00081895044778469846 0.0014024586973327318 0.00035572673457490037 -0.0020421488827387516 -0.0005561671207523982 0.00588284577488115
leaf_weight=51 464 1582 871 742 404 57
leaf_count=51 464 1582 871 742 404 57
internal_value=9.00861e-05 0.000898679 -0.000688446 -0.0014137 -0.00116762 0.00023998
internal_weight=4171 2046 2125 1254 1203 461
internal_count=4171 2046 2125 1254 1203 461
is_linear=0
shrinkage=0.05


Tree=40
num_leaves=7
num_cat=0
split_feature=2 0 12 2 11 6
split_gain=1.23531 0.945984 0.645987 0.634923 0.638033 0.533495
threshold=-0.0023740022541387826 -0.11997058962041283 17.625000000000004 -0.2283556576855858 -3.7499999999999996 -0.21553410299553924
decision_type=10 10 8 10 8 2
left_child=1 3 -2 4 -1 -5
right_child=2 -3 -4 5 -6 -7
leaf_value=-0.0057719234256688248 -0.0045309805160353859 0.00010557933272333643 0.0010023666027476901 -0.003779238244263908 -0.0017820047071104173 0.00046096263374826831
leaf_weight=180 54 1075 2271 102 226 272
leaf_count=180 54 1075 2271 102 226 272
internal_value=0.000106081 -0.000856217 0.00087385 -0.00218177 -0.00355093 -0.000695456
internal_weight=4180 1855 2325 780 406 374
internal_count=4180 1855 2325 780 406 374
is_linear=0
shrinkage=0.05


Tree=41
num_leaves=7
num_cat=0
split_feature=8 9 6 6 3 7
split_gain=1.37321 0.778158 0.888672 0.626116 0.668382 0.699497
threshold=0.90607553157246368 3.5000000000000004 -0.24780541599774264 -0.018592121795309717 0.062534490769050918 0.70228943258836118
decision_type=10 2 2 2 10 2
left_child=1 2 -1 4 5 -3
right_child=-2 3 -4 -5 -6 -7
leaf_value=-0.0051082221257890909 0.00065373459287729695 -0.0033716513599817569 0.0014053088010742001 0.0002708246100009165 -0.0004059723924692202 -0.0092234936620419223
leaf_weight=62 3046 343 337 174 158 60
leaf_count=62 3046 343 337 174 158 60
internal_value=0.000100777 -0.0013845 0.000393181 -0.00234953 -0.00316226 -0.00424289
internal_weight=4180 1134 399 735 561 403
internal_count=4180 1134 399 735 561 403
is_linear=0
shrinkage=0.05


Tree=42
num_leaves=7
num_cat=0
split_feature=2 0 11 12 1 3
split_gain=1.06155 0.8148 0.580033 0.579454 0.575051 0.474967
threshold=-0.0023740022541387826 -0.11997058962041283 -4.7499999999999991 17.625000000000004 0.037287636185870554 -0.54442734666651293
decision_type=10 10 10 8 2 10
left_child=1 2 5 -2 -4 -1
right_child=3 -3 4 -5 -6 -7
leaf_value=-0.0073071630862874123 -0.0043114721619834503 9.6302821166910837e-05 -0.0021366018486221059 0.0009291828125273957 0.0016115689356916445 -0.0026433574246179743
leaf_weight=70 54 1075 309 2271 153 248
leaf_count=70 54 1075 309 2271 153 248
internal_value=9.57383e-05 -0.000796317 -0.00202653 0.000807464 -0.000895325 -0.00366998
internal_weight=4180 1855 780 2325 462 318
internal_count=4180 1855 780 2325 462 318
is_linear=0
shrinkage=0.05


Tree=43
num_leaves=7
num_cat=0
split_feature=8 9 2 2 7 12
split_gain=1.17126 0.700234 0.574653 0.567719 0.504453 0.486582
threshold=0.90607553157246368 3.5000000000000004 -0.0023740022541387826 0.29212328557105965 0.6072792485804307 15.875000000000002
decision_type=10 2 10 10 2 10
left_child=1 4 5 -3 -1 -2
right_child=2 3 -4 -5 -6 -7
leaf_value=-0.00038592994757424538 -0.0043492711718699133 -0.0026105095934622958 0.0010950416500711208 0.0024646858393680307 0.0043989707746677044 -6.062947664970019e-05
leaf_weight=333 71 675 2009 60 66 966
leaf_count=333 71 675 2009 60 66 966
internal_value=9.09514e-05 -0.00128077 0.000601632 -0.00219621 0.000405557 -0.000354259
internal_weight=4180 1134 3046 735 399 1037
internal_count=4180 1134 3046 735 399 1037
is_linear=0
shrinkage=0.05


Tree=44
num_leaves=7
num_cat=0
split_feature=8 0 6 12 2 6
split_gain=1.05706 0.597186 0.566413 0.72479 0.518624 0.837021
threshold=0.90607553157246368 -0.10107138836564271 -0.01620934035471976 27.125000000000004 -0.0023740022541387826 -0.33436339961386446
decision_type=10 10 2 8 10 2
left_child=1 -1 3 -3 5 -2
right_child=4 2 -4 -5 -6 -7
leaf_value=-0.0022430072436206198 0.0042435406837714731 -0.0015215225639824187 0.0035898228795568071 0.0048473232754451395 0.0010402895604391183 -0.00077712497986525721
leaf_weight=630 91 360 93 51 2009 946
leaf_count=630 91 360 93 51 2009 946
internal_value=8.64038e-05 -0.00121673 6.61089e-05 -0.000731228 0.000571551 -0.000336546
internal_weight=4180 1134 504 411 3046 1037
internal_count=4180 1134 504 411 3046 1037
is_linear=0
shrinkage=0.05


Tree=45
num_leaves=7
num_cat=0
split_feature=0 9 11 0 9 8
split_gain=1.38434 0.78144 0.694719 0.618844 0.752456 1.04275
threshold=0.01289019885515136 14.500000000000002 -4.7499999999999991 -0.017980666099990078 7.5000000000000009 0.90099105981509353
decision_type=10 2 10 8 2 8
left_child=1 3 -3 4 -1 -6
right_child=-2 2 -4 -5 5 -7
leaf_value=-0.0010430210953287754 0.00078356186241572965 -0.0084915759147054723 -0.0019450271585717415 -0.0014589448096214868 -0.0026728634010564916 0.0039020805496335722
leaf_weight=398 2022 62 117 1182 81 236
leaf_count=398 2022 62 117 1182 81 236
internal_value=-0.000147606 -0.00105455 -0.00421255 -0.000756566 0.000404569 0.00222205
internal_weight=4098 2076 179 1897 715 317
internal_count=4098 2076 179 1897 715 317
is_linear=0
shrinkage=0.05


Tree=46
num_leaves=7
num_cat=0
split_feature=0 9 1 8 1 1
split_gain=1.24936 0.70525 0.873133 0.701642 0.650645 0.566878
threshold=0.01289019885515136 14.500000000000002 -0.017980666099990078 0.99579144128166941 -0.010550767937074799 0.0040229088690010651
decision_type=10 2 2 10 2 2
left_child=1 2 -1 -4 -5 -3
right_child=-2 5 3 4 -6 -7
leaf_value=0.00044921257980990017 0.00074438377845640648 -0.0063369725035714378 -0.0027579438320083031 -0.0048932462651282557 0.00074691178277639595 -0.00061129465944784352
leaf_weight=868 2022 106 623 60 346 73
leaf_count=868 2022 106 623 60 346 73
internal_value=-0.000140226 -0.00100183 -0.000718738 -0.00170395 -8.66091e-05 -0.00400192
internal_weight=4098 2076 1897 1029 406 179
internal_count=4098 2076 1897 1029 406 179
is_linear=0
shrinkage=0.05


Tree=47
num_leaves=7
num_cat=0
split_feature=0 6 7 7 12 6
split_gain=1.14422 0.681625 0.808632 0.77305 0.561909 0.581333
threshold=0.062264901639577673 -0.020525114226806068 0.72156570870158354 0.13453113782973555 20.875000000000004 0.13868563385427593
decision_type=10 2 2 2 10 2
left_child=1 2 -1 -3 -5 -6
right_child=-2 3 -4 4 5 -7
leaf_value=-0.00086441049193971555 0.00093135284855407313 -0.0040002286905961989 -0.0040094215468406188 -0.0013906774836280769 0.0033063695716038875 -0.0017985991476213233
leaf_weight=1717 1562 76 232 133 310 68
leaf_count=1717 1562 76 232 133 310 68
internal_value=-0.000133215 -0.000788914 -0.00123878 0.000704757 0.00140452 0.00238802
internal_weight=4098 2536 1949 587 511 378
internal_count=4098 2536 1949 587 511 378
is_linear=0
shrinkage=0.05


Tree=48
num_leaves=7
num_cat=0
split_feature=0 9 1 12 11 9
split_gain=1.03923 0.631221 0.781838 0.676182 0.619418 0.546346
threshold=0.01289019885515136 14.500000000000002 -0.017980666099990078 19.625000000000004 -4.7499999999999991 9.5000000000000018
decision_type=10 2 2 8 10 2
left_child=1 2 -1 -4 -3 -5
right_child=-2 4 3 5 -6 -7
leaf_value=0.00046065851826242074 0.00068024256092404794 -0.0077911118773983856 -0.0036034094142809916 0.00019773508168457609 -0.001609531756063613 -0.0026940537534407057
leaf_weight=868 2022 62 294 490 117 245
leaf_count=868 2022 62 294 490 117 245
internal_value=-0.000126554 -0.000912364 -0.000644546 -0.00157683 -0.00375064 -0.000766195
internal_weight=4098 2076 1897 1029 179 735
internal_count=4098 2076 1897 1029 179 735
is_linear=0
shrinkage=0.05


Tree=49
num_leaves=7
num_cat=0
split_feature=0 6 0 0 9 6
split_gain=0.951922 0.61555 0.67549 0.525826 0.532607 0.929178
threshold=0.062264901639577673 -0.092384845968150123 -0.20207702651097897 0.067895779666279701 7.5000000000000009 -0.12808962701445933
decision_type=10 2 8 10 2 2
left_child=1 2 -1 -2 -5 -6
right_child=3 -3 -4 4 5 -7
leaf_value=-0.0070722041762783204 0.0052890714156092148 0.00023138440528533001 -0.0011623437874511331 0.0015964261486753205 -0.0019443946793993323 0.0015996701327727584
leaf_weight=50 64 1020 1466 755 396 347
leaf_count=50 64 1020 1466 755 396 347
internal_value=-0.000120226 -0.000718294 -0.00135726 0.000850773 0.000661153 -0.000289226
internal_weight=4098 2536 1516 1562 1498 743
internal_count=4098 2536 1516 1562 1498 743
is_linear=0
shrinkage=0.05


Tree=50
num_leaves=7
num_cat=0
split_feature=6 8 0 3 7 3
split_gain=0.68703 0.662955 0.77861 0.584984 0.506351 0.487879
threshold=-0.020525114226806068 0.8596525086875576 0.10385798898887504 -0.037344569956963732 0.10159454328151944 0.34897384982331353
decision_type=2 8 8 10 2 10
left_child=1 2 3 -1 -2 -3
right_child=4 5 -4 -5 -6 -7
leaf_value=-0.0022136892875149737 -0.0021374825984671639 -0.00015308020417658411 -0.00057183929729636492 -0.008957687204657885 0.0016827330779920974 0.0031043107155710459
leaf_weight=68 97 2732 236 61 820 120
leaf_count=68 97 2732 236 61 820 120
internal_value=7.13361e-05 -0.000272801 -0.00227919 -0.00540271 0.00127863 -1.60231e-05
internal_weight=4134 3217 365 129 917 2852
internal_count=4134 3217 365 129 917 2852
is_linear=0
shrinkage=0.05


Tree=51
num_leaves=7
num_cat=0
split_feature=12 7 2 8 11 6
split_gain=0.8667 0.802416 0.575248 0.528037 0.469149 0.445984
threshold=26.125000000000004 0.18201003105705035 0.12076631546657697 0.99620661793919607 7.2500000000000009 -0.38911455830243713
decision_type=10 2 10 10 10 2
left_child=3 -2 4 -1 -3 -5
right_child=1 2 -4 5 -6 -7
leaf_value=-0.00080965115348085963 -0.0026161821658856107 0.0023309281857819444 0.0035064224227346558 -0.002819107639838548 -0.0018140244838012552 0.00069206735233636265
leaf_weight=1948 98 155 377 97 122 1337
leaf_count=1948 98 155 377 97 122 1337
internal_value=6.77693e-05 0.00160308 0.00223533 -0.000273613 0.000505353 0.000454561
internal_weight=4134 752 654 3382 277 1434
internal_count=4134 752 654 3382 277 1434
is_linear=0
shrinkage=0.05


Tree=52
num_leaves=7
num_cat=0
split_feature=12 7 3 6 1 2
split_gain=0.782197 0.724181 0.678971 0.500502 0.639918 1.34414
threshold=26.125000000000004 0.18201003105705035 0.055531078521656715 -0.10385134894661301 -0.12019117595423293 -0.12560779944050562
decision_type=10 2 10 2 2 8
left_child=3 -2 -3 4 5 -1
right_child=1 2 -4 -5 -6 -7
leaf_value=-0.010580937321064994 -0.0024853730441204143 0.00064503768995538698 0.0038789985024948051 0.0005036110814250896 -0.00049250685451548927 -0.00065059116475771523
leaf_weight=50 98 355 299 1313 1912 107
leaf_count=50 98 355 299 1313 1912 107
internal_value=6.43809e-05 0.00152293 0.00212356 -0.000259933 -0.000744482 -0.00381312
internal_weight=4134 752 654 3382 2069 157
internal_count=4134 752 654 3382 2069 157
is_linear=0
shrinkage=0.05


Tree=53
num_leaves=7
num_cat=0
split_feature=12 7 3 9 8 8
split_gain=0.705933 0.653573 0.612771 0.704573 0.473776 0.406315
threshold=26.125000000000004 0.18201003105705035 0.055531078521656715 5.5000000000000009 0.99620661793919607 0.99418696930271222
decision_type=10 2 10 2 10 10
left_child=4 -2 -3 -4 5 -1
right_child=1 2 3 -5 -6 -7
leaf_value=-0.00061119029640883938 -0.0023611044228476073 0.00061278579631594051 0.00026112543744966391 0.0054056130094136626 0.00044281064346881217 -0.0043886103226041832
leaf_weight=1874 98 355 100 199 1434 74
leaf_count=1874 98 355 100 199 1434 74
internal_value=6.11618e-05 0.00144678 0.00201738 0.00368505 -0.000246936 -0.000754686
internal_weight=4134 752 654 299 3382 1948
internal_count=4134 752 654 299 3382 1948
is_linear=0
shrinkage=0.05


Tree=54
num_leaves=7
num_cat=0
split_feature=12 7 3 9 6 12
split_gain=0.637104 0.58985 0.553026 0.635877 0.450555 0.599478
threshold=26.125000000000004 0.18201003105705035 0.055531078521656715 5.5000000000000009 -0.10385134894661301 16.125000000000004
decision_type=10 2 10 2 2 8
left_child=4 -2 -3 -4 5 -1
right_child=1 2 3 -5 -6 -7
leaf_value=-0.0049942899252831321 -0.0022430492486633664 0.00058214650511935115 0.00024806917959358546 0.0051353323659754299 0.00048985513442443152 -0.0005258692033903357
leaf_weight=78 98 355 100 199 1313 1991
leaf_count=78 98 355 100 199 1313 1991
internal_value=5.81037e-05 0.00137444 0.00191651 0.0035008 -0.000234589 -0.000694326
internal_weight=4134 752 654 299 3382 2069
internal_count=4134 752 654 299 3382 2069
is_linear=0
shrinkage=0.05


Tree=55
num_leaves=7
num_cat=0
split_feature=6 6 0 7 0 8
split_gain=0.47081 0.725636 0.445742 0.585238 0.396977 0.386253
threshold=-0.10625260300888274 -0.097974567992627201 inf 0.084841561719545683 -0.20207702651097897 0.8596525086875576
decision_type=2 2 8 2 8 10
left_child=4 -2 3 -3 -1 -6
right_child=1 2 -4 -5 5 -7
leaf_value=-0.0044945885086673555 0.0052996651691839449 -0.002105391071888858 -0.00088175555470289355 0.0014121546893096468 -0.0013511405367077687 0.00018292794163171633
leaf_weight=54 86 132 393 1135 528 1841
leaf_count=54 86 132 393 1135 528 1841
internal_value=0.000195439 0.000821378 0.00058937 0.00104569 -0.000255609 -0.000158983
internal_weight=4169 1746 1660 1267 2423 2369
internal_count=4169 1746 1660 1267 2423 2369
is_linear=0
shrinkage=0.05


Tree=56
num_leaves=7
num_cat=0
split_feature=12 7 2 0 12 0
split_gain=0.412451 0.357918 0.816125 0.321772 0.303332 0.296208
threshold=30.375000000000004 0.084841561719545683 0.30156882700318194 0.098608794665035374 24.625000000000004 0.03320244780944432
decision_type=10 2 8 10 10 10
left_child=1 2 3 5 -5 -1
right_child=-2 -3 -4 4 -6 -7
leaf_value=-0.00023857596899988585 0.0035724107331837084 0.00030532774262031944 -0.0055586071698224479 0.0044772958932597128 -0.0006680682166781346 -0.0036189930979162455
leaf_weight=309 88 3490 85 61 54 82
leaf_count=309 88 3490 85 61 54 82
internal_value=0.000185667 0.000112638 -0.00102524 -0.000263712 0.00206121 -0.000947513
internal_weight=4169 4081 591 506 115 391
internal_count=4169 4081 591 506 115 391
is_linear=0
shrinkage=0.05


Tree=57
num_leaves=7
num_cat=0
split_feature=12 7 2 0 11 9
split_gain=0.372237 0.323021 0.736553 0.2904 0.314735 0.305578
threshold=30.375000000000004 0.084841561719545683 0.30156882700318194 0.098608794665035374 -2.2499999999999996 6.5000000000000009
decision_type=10 2 8 10 10 2
left_child=1 2 3 4 5 -1
right_child=-2 -3 -4 -5 -6 -7
leaf_value=-0.0022275217067471696 0.0033937902000616307 0.0002900613609804989 -0.0052806767840486244 0.0019581512694560885 -0.0027890610826492366 0.0014423217900644452
leaf_weight=87 88 3490 85 115 141 163
leaf_count=87 88 3490 85 115 141 163
internal_value=0.000176384 0.000107006 -0.000973983 -0.000250526 -0.000900137 0.000165216
internal_weight=4169 4081 591 506 391 250
internal_count=4169 4081 591 506 391 250
is_linear=0
shrinkage=0.05


Tree=58
num_leaves=7
num_cat=0
split_feature=6 6 0 11 8 9
split_gain=0.415984 0.655841 0.397012 0.379626 0.523565 0.863331
threshold=-0.10625260300888274 -0.097974567992627201 inf -4.2499999999999991 0.99541075199986595 8.5000000000000018
decision_type=2 2 8 8 8 2
left_child=-1 -2 -3 -4 5 -5
right_child=1 2 3 4 -6 -7
leaf_value=-0.00025640806248049264 0.0050134039967223397 0.0009660129187518459 -0.0032544128758359124 0.0028385177236918552 0.0024979427494145057 -0.0049437215148484233
leaf_weight=2423 86 1267 116 59 128 90
leaf_count=2423 86 1267 116 59 128 90
internal_value=0.000167565 0.00075593 0.000535362 -0.000853022 0.000152615 -0.00186216
internal_weight=4169 1746 1660 393 277 149
internal_count=4169 1746 1660 393 277 149
is_linear=0
shrinkage=0.05


Tree=59
num_leaves=7
num_cat=0
split_feature=6 6 0 0 7 12
split_gain=0.375426 0.591897 0.359949 0.358303 0.480361 0.354432
threshold=-0.10625260300888274 -0.097974567992627201 -0.20207702651097897 inf 0.084841561719545683 19.125000000000004
decision_type=2 2 8 8 2 8
left_child=2 -2 -1 4 -3 -6
right_child=1 3 -4 -5 5 -7
leaf_value=-0.0042800373578858047 0.004762733754360789 -0.0019370930528649214 -0.00015157908817040391 -0.00081037081870322678 0.00433559095113725 0.0009967368139089214
leaf_weight=54 86 132 2369 393 86 1049
leaf_count=54 86 132 2369 393 86 1049
internal_value=0.000159186 0.000718133 -0.000243588 0.000508594 0.000917712 0.00124972
internal_weight=4169 1746 2423 1660 1267 1135
internal_count=4169 1746 2423 1660 1267 1135
is_linear=0
shrinkage=0.05


Tree=60
num_leaves=7
num_cat=0
split_feature=6 2 9 7 7 1
split_gain=0.513978 0.704975 0.456521 1.35367 0.76318 0.764819
threshold=-0.41333683605723376 0.20597900653945875 9.5000000000000018 0.23266096628787777 0.61808260545314375 -0.056607123247276972
decision_type=2 10 2 2 2 2
left_child=-1 2 -2 -4 5 -5
right_child=1 -3 3 4 -6 -7
leaf_value=-0.002482075431732113 0.00038954230979349147 0.0016504338313683951 -0.0032625802255969744 0.0051857701059401448 -0.0020058828987195854 0.00044847691065511854
leaf_weight=182 1992 720 392 103 254 493
leaf_count=182 1992 720 392 103 254 493
internal_value=0.000115897 0.00023548 -7.95374e-05 -0.000831878 0.000289105 0.00126717
internal_weight=4136 3954 3234 1242 850 596
internal_count=4136 3954 3234 1242 850 596
is_linear=0
shrinkage=0.05


Tree=61
num_leaves=7
num_cat=0
split_feature=2 3 12 1 12 6
split_gain=0.493576 0.446889 0.775331 0.512965 0.467348 0.399072
threshold=-0.55945195390203939 -0.24262585859155802 16.125000000000004 -0.009584405497836207 29.375000000000004 0.076639141965149232
decision_type=8 8 8 2 10 2
left_child=-1 3 -3 -2 5 -4
right_child=1 2 4 -5 -6 -7
leaf_value=-0.0041465020693365988 -0.0026126582581907447 -0.0059923462859104515 0.00012865341193017034 0.0025674984954294688 0.0026826391988545436 -0.0018938640683534851
leaf_weight=67 56 53 3203 326 167 264
leaf_count=67 56 53 3203 326 167 264
internal_value=0.000110102 0.000180191 1.15278e-05 0.0018081 9.90912e-05 -2.53543e-05
internal_weight=4136 4069 3687 382 3634 3467
internal_count=4136 4069 3687 382 3634 3467
is_linear=0
shrinkage=0.05


Tree=62
num_leaves=7
num_cat=0
split_feature=6 2 8 7 11 1
split_gain=0.460577 0.625802 0.480158 0.426473 0.3996 0.455844
threshold=-0.41333683605723376 0.20597900653945875 0.1309029021825775 0.26187101288985842 4.7500000000000009 0.026526346768300454
decision_type=2 10 8 2 8 2
left_child=3 2 -2 -1 -3 -6
right_child=1 4 -4 -5 5 -7
leaf_value=-0.0049690013215738533 -0.0048921098740880983 0.00062222306635679146 -1.8854619003759194e-06 -0.00011389718333981475 -0.00093803738546149255 0.004081607878327234
leaf_weight=84 51 444 3183 98 57 219
leaf_count=84 51 444 3183 98 57 219
internal_value=0.000104597 0.000217798 -7.9004e-05 -0.00235471 0.00155093 0.00304494
internal_weight=4136 3954 3234 182 720 276
internal_count=4136 3954 3234 182 720 276
is_linear=0
shrinkage=0.05


Tree=63
num_leaves=7
num_cat=0
split_feature=8 11 8 3 12 11
split_gain=0.388851 0.419811 0.440947 0.39599 0.307601 0.256677
threshold=0.1309029021825775 -9.7499999999999982 0.98262549034841939 -0.15918635213244395 29.375000000000004 7.7500000000000009
decision_type=8 8 10 8 10 10
left_child=-1 2 3 -2 5 -3
right_child=1 4 -4 -5 -6 -7
leaf_value=-0.0038965166864606245 -0.00072169385009776587 0.00028979137719352654 0.00056691882847634918 -0.0065179393539438026 0.0023382142307290625 -0.0014179515868593801
leaf_weight=60 52 3454 94 68 173 235
leaf_count=60 52 3454 94 68 173 235
internal_value=9.93673e-05 0.000158188 -0.00199747 -0.00400623 0.000277636 0.000181003
internal_weight=4136 4076 214 120 3862 3689
internal_count=4136 4076 214 120 3862 3689
is_linear=0
shrinkage=0.05


Tree=64
num_leaves=7
num_cat=0
split_feature=2 11 8 2 9 7
split_gain=0.417824 0.357998 0.499486 0.45549 0.417832 0.989692
threshold=-0.55945195390203939 -9.7499999999999982 0.98262549034841939 -0.12853090637534687 10.500000000000002 0.23266096628787777
decision_type=8 8 10 8 2 2
left_child=-1 2 3 -2 -3 -6
right_child=1 4 -4 -5 5 -7
leaf_value=-0.0038219656549401079 -0.0005066177475964651 0.00061502755486150243 0.0008851428666605568 -0.0068758503220578866 -0.0026544958565790817 0.00045486978028026043
leaf_weight=67 50 2668 91 64 371 825
leaf_count=67 50 2668 91 64 371 825
internal_value=9.4399e-05 0.000158886 -0.00187726 -0.00408233 0.000266911 -0.000509658
internal_weight=4136 4069 205 114 3864 1196
internal_count=4136 4069 205 114 3864 1196
is_linear=0
shrinkage=0.05


Tree=65
num_leaves=7
num_cat=0
split_feature=2 9 3 2 11 7
split_gain=0.771765 0.425155 0.460719 0.544641 0.69252 0.509236
threshold=0.19133544159949134 9.5000000000000018 0.080588402072739401 0.062388322375103826 -2.7499999999999996 0.11576715067975117
decision_type=10 2 10 10 10 2
left_child=1 -1 5 -4 -5 -3
right_child=-2 2 3 4 -6 -7
leaf_value=-0.00011853076162250832 0.0011476694825511061 -0.0038905242951521261 0.0053607145191955511 0.0037260584003324139 -0.0031803468085066944 -0.0011539332632452687
leaf_weight=2061 825 213 51 58 97 842
leaf_count=2061 825 213 51 58 97 842
internal_value=-0.000221062 -0.000560979 -0.00128412 0.00087871 -0.000596015 -0.00170644
internal_weight=4147 3322 1261 206 155 1055
internal_count=4147 3322 1261 206 155 1055
is_linear=0
shrinkage=0.05


Tree=66
num_leaves=7
num_cat=0
split_feature=2 9 3 2 11 1
split_gain=0.696518 0.383702 0.415799 0.491539 0.624999 0.490479
threshold=0.19133544159949134 9.5000000000000018 0.080588402072739401 0.062388322375103826 -2.7499999999999996 -0.11853569090323345
decision_type=10 2 10 10 10 2
left_child=1 -1 5 -4 -5 -3
right_child=-2 2 3 4 -6 -7
leaf_value=-0.00011260423093700737 0.0010902860102665506 -0.0063559274860801032 0.0050926789180284334 0.0035397553952924649 -0.0030213294924025611 -0.0013756436422371302
leaf_weight=2061 825 52 51 58 97 1003
leaf_count=2061 825 52 51 58 97 1003
internal_value=-0.000210009 -0.00053293 -0.00121992 0.000834774 -0.000566214 -0.00162112
internal_weight=4147 3322 1261 206 155 1055
internal_count=4147 3322 1261 206 155 1055
is_linear=0
shrinkage=0.05


Tree=67
num_leaves=7
num_cat=0
split_feature=2 8 8 2 7 7
split_gain=0.628607 0.527745 0.550389 0.355933 0.560336 0.846887
threshold=0.19133544159949134 0.86458983351337515 0.91564539335522876 0.10344944584910612 0.52884857686015285 0.45657848471372858
decision_type=10 8 10 10 2 2
left_child=3 -2 -3 -1 5 -5
right_child=1 2 -4 4 -6 -7
leaf_value=-0.00026924669116332542 -0.0027968776535909671 0.0065195946805179129 0.0010880101193136789 -0.0015161524520666417 -0.0040165161542489126 0.0052124617854133254
leaf_weight=2746 81 50 694 349 173 54
leaf_count=2746 81 50 694 349 173 54
internal_value=-0.000199508 0.00103577 0.00145304 -0.000506283 -0.00163632 -0.000614552
internal_weight=4147 825 744 3322 576 403
internal_count=4147 825 744 3322 576 403
is_linear=0
shrinkage=0.05


Tree=68
num_leaves=7
num_cat=0
split_feature=2 6 8 8 7 7
split_gain=0.567318 0.483861 0.47629 0.496726 0.456129 0.817679
threshold=0.19133544159949134 -0.020525114226806068 0.86458983351337515 0.91564539335522876 0.72156570870158354 0.8289257461780799
decision_type=10 2 8 10 2 2
left_child=1 4 -2 -4 -1 -6
right_child=2 -3 3 -5 5 -7
leaf_value=-0.00055403926486919731 -0.0026570337389043913 0.00063649927650403701 0.0061936149781104182 0.0010336095893534803 -0.0053690229543361867 -0.0003140789721833749
leaf_weight=2248 81 750 50 694 144 180
leaf_count=2248 81 750 50 694 144 180
internal_value=-0.000189533 -0.000480969 0.000983983 0.00138038 -0.000806825 -0.00256072
internal_weight=4147 3322 825 744 2572 324
internal_count=4147 3322 825 744 2572 324
is_linear=0
shrinkage=0.05


Tree=69
num_leaves=7
num_cat=0
split_feature=2 7 7 0 6 8
split_gain=0.521933 0.442019 0.605842 0.54106 0.351699 0.441216
threshold=0.2708121244890177 0.096810237486686365 0.48283128314564078 0.16942740469539613 -0.020525114226806068 0.89086270035609516
decision_type=10 2 2 8 2 8
left_child=4 -2 3 -3 5 -1
right_child=1 2 -4 -5 -6 -7
leaf_value=-0.0021570151262184059 -0.0025322118483972356 0.0017938584453137188 -1.9046304690271681e-05 0.0070356061034807828 0.00052963019651872144 -0.00038510988417540088
leaf_weight=410 61 121 186 83 831 2455
leaf_count=410 61 121 186 83 831 2455
internal_value=-0.000180056 0.00142573 0.00204479 0.00392653 -0.000376001 -0.000638681
internal_weight=4147 451 390 204 3696 2865
internal_count=4147 451 390 204 3696 2865
is_linear=0
shrinkage=0.05


Tree=70
num_leaves=7
num_cat=0
split_feature=6 2 6 7 2 0
split_gain=0.561003 0.640561 0.630535 0.562028 0.723358 0.50137
threshold=-0.10385134894661301 0.31052492192193543 -0.097974567992627201 0.062958982921709192 0.022027483621732527 -0.12569006735175534
decision_type=2 10 2 2 10 8
left_child=1 5 -2 4 -4 -1
right_child=2 -3 3 -5 -6 -7
leaf_value=-0.0034718244034398836 0.0056264826471147979 0.0025532883307498293 -0.0053482768097083177 0.0010503776231049649 0.001355801195884713 -0.00028440497051259161
leaf_weight=131 69 190 82 1496 79 2119
leaf_count=131 69 190 82 1496 79 2119
internal_value=0.000253433 -0.000234565 0.000943303 0.000748289 -0.0020587 -0.000469984
internal_weight=4166 2440 1726 1657 161 2250
internal_count=4166 2440 1726 1657 161 2250
is_linear=0
shrinkage=0.05


Tree=71
num_leaves=7
num_cat=0
split_feature=3 12 12 6 0 8
split_gain=0.60198 0.588076 0.591462 0.632605 0.529552 0.517994
threshold=0.051918906875546185 27.125000000000004 22.625000000000004 -0.36671501930470446 -0.030936443406483018 0.97573642398391602
decision_type=10 8 10 2 10 8
left_child=-1 2 3 -2 -3 -4
right_child=1 4 5 -5 -6 -7
leaf_value=-0.00018776018214408424 -0.0035381538965739315 0.007292656613280997 -0.0026302102347594628 0.002378123667134446 0.0019984996688829082 0.00051116804776872268
leaf_weight=2762 50 60 193 469 222 410
leaf_count=2762 50 60 193 469 222 410
internal_value=0.000240762 0.00108377 0.000570749 0.00180815 0.00312492 -0.000494281
internal_weight=4166 1404 1122 519 282 603
internal_count=4166 1404 1122 519 282 603
is_linear=0
shrinkage=0.05


Tree=72
num_leaves=7
num_cat=0
split_feature=6 11 2 6 7 2
split_gain=0.502638 0.6839 0.782707 0.571055 0.509305 0.641827
threshold=-0.10385134894661301 4.7500000000000009 0.19133544159949134 -0.097974567992627201 0.062958982921709192 0.022027483621732527
decision_type=2 8 8 2 2 10
left_child=1 -1 -3 -2 5 -5
right_child=3 2 -4 4 -6 -7
leaf_value=-0.00064905522968725961 0.0053385460011971496 -0.00014803879631791782 0.0039841155390526583 -0.0050746040603304966 0.00098370482785522032 0.001240367946344652
leaf_weight=1957 69 296 187 82 1496 79
leaf_count=1957 69 296 187 82 1496 79
internal_value=0.000228724 -0.000233193 0.00145178 0.000881723 0.000696134 -0.00197595
internal_weight=4166 2440 483 1726 1657 161
internal_count=4166 2440 483 1726 1657 161
is_linear=0
shrinkage=0.05


Tree=73
num_leaves=7
num_cat=0
split_feature=3 9 3 6 6 12
split_gain=0.526308 0.560059 0.620418 0.577197 0.707293 0.660116
threshold=0.051918906875546185 3.5000000000000004 -0.6118221420490223 -0.11492377488752072 0.061370697475763139 27.125000000000004
decision_type=10 2 10 2 2 8
left_child=1 3 -3 5 -5 -1
right_child=-2 2 -4 4 -6 -7
leaf_value=-0.00091804970795271435 0.0010055281375874379 -0.0038760030194252442 -0.00037920850173082943 0.0036687727583454965 -0.0028207284943200651 0.0051420241932147275
leaf_weight=378 1404 136 1885 262 50 51
leaf_count=378 1404 136 1885 262 50 51
internal_value=0.000217287 -0.000183397 -0.00061452 0.000992446 0.00262879 -0.000197621
internal_weight=4166 2762 2021 741 312 429
internal_count=4166 2762 2021 741 312 429
is_linear=0
shrinkage=0.05


Tree=74
num_leaves=7
num_cat=0
split_feature=3 9 3 6 11 6
split_gain=0.474993 0.505454 0.559927 0.52092 0.861067 0.638332
threshold=0.051918906875546185 3.5000000000000004 -0.6118221420490223 -0.11492377488752072 4.7500000000000009 0.061370697475763139
decision_type=10 2 10 2 8 2
left_child=1 3 -3 4 -1 -5
right_child=-2 2 -4 5 -6 -7
leaf_value=-0.0012271317906140829 0.0009552517289489322 -0.0036822028038680887 -0.00036024809633495919 0.0034853340834174805 0.0046399596760717315 -0.0026796920937485996
leaf_weight=353 1404 136 1885 262 76 50
leaf_count=353 1404 136 1885 262 76 50
internal_value=0.000206423 -0.000174227 -0.000583794 0.000942824 -0.00018774 0.00249735
internal_weight=4166 2762 2021 741 429 312
internal_count=4166 2762 2021 741 429 312
is_linear=0
shrinkage=0.05


Tree=75
num_leaves=7
num_cat=0
split_feature=0 2 7 7 12 7
split_gain=0.552744 0.622116 0.501818 0.449912 0.499521 0.402834
threshold=-0.11997058962041283 -0.28232055597547862 0.62741558021143118 0.44260185288025899 21.125000000000004 0.047955887577049654
decision_type=10 10 2 2 10 2
left_child=1 2 3 4 -1 -3
right_child=-2 5 -4 -5 -6 -7
leaf_value=-0.0013157502565671417 0.00050393218641297838 -0.0027240905992686748 -0.0063714173649038587 0.0012086471549991986 -0.0072132898593106525 0.00032830419602689656
leaf_weight=116 2935 125 70 92 52 799
leaf_count=116 2935 125 70 92 52 799
internal_value=0.000128509 -0.000750174 -0.0026137 -0.00160201 -0.00314118 -8.4628e-05
internal_weight=4189 1254 330 260 168 924
internal_count=4189 1254 330 260 168 924
is_linear=0
shrinkage=0.05


Tree=76
num_leaves=7
num_cat=0
split_feature=0 8 7 7 3 6
split_gain=0.498851 0.66233 0.749053 0.633866 0.564604 0.500771
threshold=-0.11997058962041283 0.9802115841255451 -0.066082939452425701 0.72156570870158354 -0.046755165546539253 -0.024415852474179087
decision_type=10 10 2 2 10 2
left_child=1 2 -1 4 5 -4
right_child=-2 -3 3 -5 -6 -7
leaf_value=-0.0075160914701044414 0.00047873558084347292 0.00066838304554581998 -0.00046543548802547462 -0.0053070185941621849 -0.0027084361248886761 0.0039149936152543556
leaf_weight=51 2935 513 305 84 218 83
leaf_count=51 2935 513 305 84 218 83
internal_value=0.000122083 -0.000712665 -0.00166878 -0.00123658 -0.000672364 0.000471615
internal_weight=4189 1254 741 690 606 388
internal_count=4189 1254 741 690 606 388
is_linear=0
shrinkage=0.05


Tree=77
num_leaves=7
num_cat=0
split_feature=0 8 6 11 3 11
split_gain=0.450213 0.597753 0.465936 0.734274 0.587838 0.543252
threshold=-0.11997058962041283 0.9802115841255451 -0.20276677582066718 -4.2499999999999991 -0.084050855464589652 -5.7499999999999991
decision_type=10 10 2 10 10 8
left_child=1 -1 5 4 -4 -3
right_child=-2 2 3 -5 -6 -7
leaf_value=-0.0015853367479385775 0.00045479878976169047 0.0020426126286937772 -0.0053676539376654011 0.0033280594789374244 0.0018231702355357507 -0.003757100906561671
leaf_weight=741 2935 66 54 229 60 104
leaf_count=741 2935 66 54 229 60 104
internal_value=0.000115979 -0.000677032 0.000634964 0.00169581 -0.00158301 -0.00150545
internal_weight=4189 1254 513 343 114 170
internal_count=4189 1254 513 343 114 170
is_linear=0
shrinkage=0.05


Tree=78
num_leaves=7
num_cat=0
split_feature=6 5 7 6 0 6
split_gain=0.438112 0.422475 0.580507 0.777323 0.523117 0.448297
threshold=-0.50001653708839289 4.5000000000000009 0.79629483775963816 -0.022378142742073111 -0.018478321428891217 -0.31133485764344193
decision_type=2 2 2 2 10 2
left_child=-1 2 4 -4 5 -2
right_child=1 -3 3 -5 -6 -7
leaf_value=-0.0039005563754254758 -0.0045271876094851735 0.00061145669685020126 -0.006029615782185551 0.0013549371837923122 0.00072698809977512851 -0.00065387557701345681
leaf_weight=67 84 2366 98 56 843 675
leaf_count=67 84 2366 98 56 843 675
internal_value=0.00011018 0.000175372 -0.000412201 -0.00334432 -0.000130336 -0.00108254
internal_weight=4189 4122 1756 154 1602 759
internal_count=4189 4122 1756 154 1602 759
is_linear=0
shrinkage=0.05


Tree=79
num_leaves=7
num_cat=0
split_feature=6 5 0 2 6 1
split_gain=0.395396 0.381283 0.524013 0.514829 0.642333 0.876547
threshold=-0.50001653708839289 4.5000000000000009 -0.010550767937074799 -0.081050977521043122 -0.31133485764344193 -0.10799791922591782
decision_type=2 2 10 8 2 2
left_child=-1 2 3 -2 -5 -6
right_child=1 -3 -4 4 5 -7
leaf_value=-0.0037055285661411821 0.0003564072079568967 0.00058088387168634466 0.00047806329564057228 -0.0071890257850387388 0.0026038452791617601 -0.0026196289573015424
leaf_weight=67 319 2366 872 57 100 408
leaf_count=67 319 2366 872 57 100 408
internal_value=0.000104671 0.000166603 -0.000391591 -0.00124944 -0.0021561 -0.00159139
internal_weight=4189 4122 1756 884 565 508
internal_count=4189 4122 1756 884 565 508
is_linear=0
shrinkage=0.05


Tree=80
num_leaves=7
num_cat=0
split_feature=11 5 8 11 2 0
split_gain=0.33722 0.469273 0.343146 0.263835 0.479729 0.277968
threshold=-9.7499999999999982 3.5000000000000004 0.16878378378378384 -7.7499999999999991 -0.065297629682641453 -0.20207702651097897
decision_type=8 2 8 8 10 8
left_child=1 -1 -2 4 -4 -5
right_child=2 -3 3 5 -6 -7
leaf_value=-0.0059352226260151455 -0.0036905654641173659 -0.00062565294323980612 0.0051664527031040483 -0.0028823400925224027 -0.0011790808782262624 7.8697861108288349e-05
leaf_weight=56 61 162 68 81 53 3687
leaf_count=56 61 162 68 81 53 3687
internal_value=-7.51765e-05 -0.00198958 3.04791e-05 8.88447e-05 0.002387 1.5045e-05
internal_weight=4168 218 3950 3889 121 3768
internal_count=4168 218 3950 3889 121 3768
is_linear=0
shrinkage=0.05


Tree=81
num_leaves=7
num_cat=0
split_feature=11 5 8 11 8 9
split_gain=0.304341 0.423519 0.315134 0.310323 0.457997 0.266672
threshold=-9.7499999999999982 3.5000000000000004 0.47160349854227407 -7.7499999999999991 0.96766642342778086 11.500000000000002
decision_type=8 2 8 8 10 2
left_child=1 -1 -2 4 -4 -3
right_child=2 5 3 -5 -6 -7
leaf_value=-0.0056384614577317353 -0.0023360914475394085 -0.0021917091639479624 0.0062693753829225901 3.3409311995463317e-05 -7.4773768287603605e-05 0.0019819825689586243
leaf_weight=56 136 100 50 3698 66 62
leaf_count=56 136 100 50 3698 66 62
internal_value=-7.14177e-05 -0.0018901 2.89552e-05 0.000113288 0.00265977 -0.00059437
internal_weight=4168 218 3950 3814 116 162
internal_count=4168 218 3950 3814 116 162
is_linear=0
shrinkage=0.05


Tree=82
num_leaves=7
num_cat=0
split_feature=7 2 5 8 6 12
split_gain=0.368359 0.378243 0.372729 0.369254 0.932283 0.435148
threshold=0.16723467019811186 0.29789508888809907 1.5000000000000002 0.97299062126667002 -0.12108809221873608 25.625000000000004
decision_type=2 10 2 8 2 10
left_child=2 -2 -1 5 -5 -3
right_child=1 3 -4 4 -6 -7
leaf_value=-0.0051161249333281558 6.941608692042762e-06 -0.0033166443053001572 -0.00071485494425912153 0.0065429915650512538 -0.00093453916876266396 0.0024754019488884499
leaf_weight=51 2968 59 847 99 72 72
leaf_count=51 2968 59 847 99 72 72
internal_value=-6.78468e-05 0.000178477 -0.000964816 0.00186429 0.00339456 -0.00013323
internal_weight=4168 3270 898 302 171 131
internal_count=4168 3270 898 302 171 131
is_linear=0
shrinkage=0.05


Tree=83
num_leaves=7
num_cat=0
split_feature=7 6 3 3 11 9
split_gain=0.332444 0.357149 0.687365 0.656441 0.38555 0.633238
threshold=0.16723467019811186 -0.37680825989247352 0.16151152965992968 0.29381703919217644 2.7500000000000004 9.5000000000000018
decision_type=2 2 8 8 10 2
left_child=1 -1 4 -4 5 -3
right_child=-2 2 3 -5 -6 -7
leaf_value=-0.0039043010300439268 0.00016955292223031111 0.0011114341619459891 0.0050297117526067157 -0.00070105205954018026 -0.0034433540678583084 -0.002708932386885863
leaf_weight=90 3270 237 93 108 170 200
leaf_count=90 3270 237 93 108 170 200
internal_value=-6.44545e-05 -0.000916575 -0.000583784 0.0019505 -0.00142298 -0.000637017
internal_weight=4168 898 808 201 607 437
internal_count=4168 898 808 201 607 437
is_linear=0
shrinkage=0.05


Tree=84
num_leaves=7
num_cat=0
split_feature=7 8 12 2 0 12
split_gain=0.300031 0.350665 0.715204 0.341364 0.46383 0.330621
threshold=0.16723467019811186 0.90754673390115714 19.875000000000004 0.29789508888809907 0.1906293657166159 18.125000000000004
decision_type=2 8 8 10 8 8
left_child=1 2 -1 -2 -5 -3
right_child=3 5 -4 4 -6 -7
leaf_value=0.00047379423934035004 -1.8831230544298764e-06 -0.0032969937997801356 -0.0063225483025962613 0.00044531943741066456 0.0046774336305308219 -3.2863082578148028e-05
leaf_weight=75 2968 88 80 208 94 655
leaf_count=75 2968 88 80 208 94 655
internal_value=-6.12318e-05 -0.000870746 -0.003034 0.000161075 0.0017626 -0.000419463
internal_weight=4168 898 155 3270 302 743
internal_count=4168 898 155 3270 302 743
is_linear=0
shrinkage=0.05


Tree=85
num_leaves=7
num_cat=0
split_feature=6 6 7 7 12 7
split_gain=0.338056 0.495039 0.322375 0.625549 0.562796 0.46097
threshold=0.18495971149254412 -0.031723804919653133 0.72156570870158354 0.67738673057835797 26.875000000000004 0.77255747359237403
decision_type=2 2 2 2 8 2
left_child=1 2 3 -1 5 -4
right_child=-2 -3 4 -5 -6 -7
leaf_value=-0.00032838543221482512 -0.0034509397658209007 0.00094694342126168396 -0.005787026718629143 0.0033929681432555759 0.0022355646287711959 -0.0014843700923566543
leaf_weight=2627 75 935 83 118 75 249
leaf_count=2627 75 935 83 118 75 249
internal_value=-0.000124457 -6.34133e-05 -0.000363123 -0.000168415 -0.00167632 -0.00256003
internal_weight=4162 4087 3152 2745 407 332
internal_count=4162 4087 3152 2745 407 332
is_linear=0
shrinkage=0.05


Tree=86
num_leaves=7
num_cat=0
split_feature=0 6 6 1 3 1
split_gain=0.649405 0.362296 0.402499 0.673146 0.315513 0.539238
threshold=-0.20207702651097897 0.18495971149254412 -0.033669083066945146 -0.1068271258320241 0.16151152965992968 0.10958952530433534
decision_type=8 2 2 2 10 2
left_child=-1 2 -2 -4 5 -5
right_child=1 -3 3 4 -6 -7
leaf_value=-0.004272364819695687 -0.00023631561650035951 -0.0034909134711818518 0.0059416952350782974 -0.00077192954803408337 0.0028492443107125415 0.0021009863149944923
leaf_weight=92 3067 74 63 490 131 245
leaf_count=92 3067 74 63 490 131 245
internal_value=-0.000118234 -2.43326e-05 3.98634e-05 0.00095164 0.000588623 0.000185709
internal_weight=4162 4070 3996 929 866 735
internal_count=4162 4070 3996 929 866 735
is_linear=0
shrinkage=0.05


Tree=87
num_leaves=7
num_cat=0
split_feature=0 6 6 1 6 7
split_gain=0.586088 0.326972 0.363255 0.607514 0.310334 0.830364
threshold=-0.20207702651097897 0.18495971149254412 -0.033669083066945146 -0.1068271258320241 -0.066962866699672857 0.23551729713094746
decision_type=8 2 2 2 2 2
left_child=-1 2 4 -4 -2 -6
right_child=1 -3 3 -5 5 -7
leaf_value=-0.0040587466017788518 -5.6454175924627383e-05 -0.0033163678530301597 0.0056446104449042606 0.00055919150434138409 0.0021281734511527854 -0.0034768326359554988
leaf_weight=92 2759 74 63 866 96 212
leaf_count=92 2759 74 63 866 96 212
internal_value=-0.000112323 -2.31159e-05 3.78702e-05 0.000904058 -0.0002245 -0.00172982
internal_weight=4162 4070 3996 929 3067 308
internal_count=4162 4070 3996 929 3067 308
is_linear=0
shrinkage=0.05


Tree=88
num_leaves=7
num_cat=0
split_feature=0 7 2 3 0 12
split_gain=0.528945 0.308377 0.468071 0.882859 0.519537 0.244045
threshold=-0.20207702651097897 -0.054763126148954941 0.025331217274440598 -0.14216490853819488 -0.0012530356046809119 16.125000000000004
decision_type=8 2 10 8 10 8
left_child=-1 2 3 -2 -4 -3
right_child=1 5 4 -5 -6 -7
leaf_value=-0.0038558092638852587 0.00052518213520787898 -0.0024898123558057383 0.0038467015329649158 -0.0076959390910274848 -0.0020911901171559526 0.00015976890501477031
leaf_weight=92 62 89 61 69 93 3696
leaf_count=92 62 89 61 69 93 3696
internal_value=-0.000106706 -2.19602e-05 -0.00160804 -0.00380503 0.000260832 9.7467e-05
internal_weight=4162 4070 285 131 154 3785
internal_count=4162 4070 285 131 154 3785
is_linear=0
shrinkage=0.05


Tree=89
num_leaves=7
num_cat=0
split_feature=0 7 0 1 7 12
split_gain=0.477372 0.27831 0.371801 0.451467 0.262216 0.22136
threshold=-0.20207702651097897 -0.054763126148954941 -0.0073547098168823153 0.020419511166872916 -0.17400418110556889 16.375000000000004
decision_type=8 2 8 2 2 8
left_child=-1 2 -2 -4 -5 -3
right_child=1 5 3 4 -6 -7
leaf_value=-0.0036630187763203935 0.001729936212033673 -0.0021175397565821189 -0.0066462613364873351 0.00092295153159648177 -0.0030602569226175548 0.0001587472942577684
leaf_weight=92 67 110 51 75 92 3675
leaf_count=92 67 110 51 75 92 3675
internal_value=-0.000101371 -2.08621e-05 -0.00152763 -0.00252881 -0.00127139 9.25936e-05
internal_weight=4162 4070 285 218 167 3785
internal_count=4162 4070 285 218 167 3785
is_linear=0
shrinkage=0.05


Tree=90
num_leaves=7
num_cat=0
split_feature=7 7 7 9 7 6
split_gain=0.293922 0.341675 0.436481 0.545452 0.46582 0.425247
threshold=-0.22631059233309725 0.38679100709977748 0.41288756847054192 2.5000000000000004 0.60968554932405017 -0.39454350261994237
decision_type=2 2 2 2 2 2
left_child=-1 -2 -3 4 -4 -5
right_child=1 2 3 5 -6 -7
leaf_value=-0.0027617750108430094 0.00042899885375053944 -0.0028526733693433927 0.00038797879691549538 0.0029983181317026417 0.0044007757906706973 -0.00085676615009935755
leaf_weight=104 1855 180 276 75 98 1548
leaf_count=104 1855 180 276 75 98 1548
internal_value=-0.00013732 -6.96256e-05 -0.000494498 -0.000281944 0.00143946 -0.00067862
internal_weight=4136 4032 2177 1997 374 1623
internal_count=4136 4032 2177 1997 374 1623
is_linear=0
shrinkage=0.05


Tree=91
num_leaves=7
num_cat=0
split_feature=7 7 7 9 0 6
split_gain=0.265264 0.308362 0.393924 0.492271 0.594451 0.521652
threshold=-0.22631059233309725 0.38679100709977748 0.41288756847054192 2.5000000000000004 -0.013076167683527902 -0.35349873465787085
decision_type=2 2 2 2 8 2
left_child=-1 -2 -3 -4 -5 -6
right_child=1 2 3 4 5 -7
leaf_value=-0.0026236862177029252 0.00040754891178841174 -0.0027100397074698579 0.0013674873136463924 0.0012566818535560743 0.0023809190639959917 -0.0014134100443611499
leaf_weight=104 1855 180 374 328 98 1197
leaf_count=104 1855 180 374 328 98 1197
internal_value=-0.000130454 -6.61443e-05 -0.000469774 -0.000267847 -0.000644689 -0.00112627
internal_weight=4136 4032 2177 1997 1623 1295
internal_count=4136 4032 2177 1997 1623 1295
is_linear=0
shrinkage=0.05


Tree=92
num_leaves=7
num_cat=0
split_feature=2 2 7 7 12 8
split_gain=0.253989 0.30107 0.263291 0.308187 0.42097 0.604249
threshold=-0.55945195390203939 -0.41381470621352584 -0.22631059233309725 0.38679100709977748 24.375000000000004 0.95562510661733158
decision_type=8 8 2 2 8 8
left_child=-1 -2 -3 -4 -5 -6
right_child=1 2 3 4 5 -7
leaf_value=-0.0034093973041182898 0.0034994690295646032 -0.0026622899173235058 0.00041670938278034537 -0.0010872630434111922 0.0029870782593959654 -0.000287118755130317
leaf_weight=58 58 100 1801 1204 174 741
leaf_count=58 58 100 1801 1204 174 741
internal_value=-0.000123931 -7.72031e-05 -0.000128807 -6.41772e-05 -0.000472897 0.000335515
internal_weight=4136 4078 4020 3920 2119 915
internal_count=4136 4078 4020 3920 2119 915
is_linear=0
shrinkage=0.05


Tree=93
num_leaves=7
num_cat=0
split_feature=2 3 2 2 2 12
split_gain=0.229225 0.381245 0.337603 0.462345 0.561544 0.457132
threshold=-0.55945195390203939 -0.27699362428999313 -0.11048971444368079 -0.081050977521043122 -0.067722212954572189 17.625000000000004
decision_type=8 8 8 8 8 8
left_child=-1 -2 -3 -4 -5 -6
right_child=1 2 3 4 5 -7
leaf_value=-0.0032389273744574268 0.0016484713138685868 -0.0014896569687464002 0.0027775255753658711 -0.0041200550661111869 -0.0034254033692349434 6.2048943779418535e-05
leaf_weight=58 298 453 140 87 97 3003
leaf_count=58 298 453 140 87 97 3003
internal_value=-0.000117735 -7.33429e-05 -0.000209084 -3.47227e-05 -0.00015826 -4.70746e-05
internal_weight=4136 4078 3780 3327 3187 3100
internal_count=4136 4078 3780 3327 3187 3100
is_linear=0
shrinkage=0.05


Tree=94
num_leaves=7
num_cat=0
split_feature=7 7 7 9 1 1
split_gain=0.220811 0.236566 0.357053 0.68809 0.652769 0.491286
threshold=-0.28870450028900363 0.38679100709977748 0.42448021610301584 2.5000000000000004 0.083763029358799881 -0.01473179595015481
decision_type=2 2 2 2 2 2
left_child=-1 -2 4 -4 -3 -5
right_child=1 2 3 5 -6 -7
leaf_value=-0.0028962008063016195 0.00034551374310481958 -0.0037976911734744407 0.0018197103889022474 0.00088856715916583247 0.0019266353375143441 -0.0011441550368820226
leaf_weight=70 1889 179 349 397 69 1183
leaf_count=70 1889 179 349 397 69 1183
internal_value=-0.000111848 -6.39126e-05 -0.000419175 -0.000189578 -0.00220504 -0.000633401
internal_weight=4136 4066 2177 1929 248 1580
internal_count=4136 4066 2177 1929 248 1580
is_linear=0
shrinkage=0.05


Tree=95
num_leaves=7
num_cat=0
split_feature=2 12 6 6 8 7
split_gain=0.561747 0.374527 0.35025 0.339608 0.453525 0.334285
threshold=-0.33782706116047406 16.125000000000004 -0.30810131809561508 -0.045537504277478533 0.072302009236934153 1.0329822534856363
decision_type=10 8 2 2 10 2
left_child=2 -2 -1 4 -3 -6
right_child=1 3 -4 -5 5 -7
leaf_value=-0.0053302551729887335 -0.0035932865297446138 -0.0048477735659107572 -0.0011681275858612453 0.00094824032113403141 -0.00012518185651004551 0.0038529161103791989
leaf_weight=56 67 50 519 1022 2394 54
leaf_count=56 67 50 519 1022 2394 54
internal_value=-0.000122638 0.000109934 -0.00157348 0.000180422 -0.000133714 -3.74297e-05
internal_weight=4162 3587 575 3520 2498 2448
internal_count=4162 3587 575 3520 2498 2448
is_linear=0
shrinkage=0.05


Tree=96
num_leaves=7
num_cat=0
split_feature=2 12 2 12 7 0
split_gain=0.506976 0.33801 0.331539 0.505096 0.383452 0.324271
threshold=-0.33782706116047406 16.125000000000004 -0.21384955195282829 19.125000000000004 0.31771221842613556 0.22276945306340598
decision_type=10 8 10 8 2 8
left_child=5 -2 3 -3 -5 -1
right_child=1 2 -4 4 -6 -7
leaf_value=-0.00037372510865249129 -0.0034136222772745057 0.0056439171432216169 5.0106455707573732e-05 -0.0031185153555125002 0.0023535677917259799 -0.0027524075905166951
leaf_weight=304 67 68 3313 50 89 271
leaf_count=304 67 68 3313 50 89 271
internal_value=-0.000116506 0.000104438 0.000171401 0.0021127 0.000385193 -0.00149481
internal_weight=4162 3587 3520 207 139 575
internal_count=4162 3587 3520 207 139 575
is_linear=0
shrinkage=0.05


Tree=97
num_leaves=7
num_cat=0
split_feature=2 0 12 1 10 8
split_gain=0.457864 0.387318 0.503651 0.367285 0.412014 0.459557
threshold=-0.28232055597547862 -0.01098389332057354 21.875000000000004 -0.13304478799693789 1.0000000180025095e-35 0.94961833965024156
decision_type=10 10 10 2 2 8
left_child=1 3 -3 -1 5 -5
right_child=-2 2 -4 4 -6 -7
leaf_value=0.001313482877375218 0.0001145224450715393 0.0039099518502843092 -0.0012409642119708129 -0.0017905508001463686 -0.00034612124826273195 -0.0060869176238719826
leaf_weight=63 3514 69 152 123 115 126
leaf_count=63 3514 69 152 123 115 126
internal_value=-0.00011068 -0.00133192 0.00036724 -0.00221134 -0.00282141 -0.00396462
internal_weight=4162 648 221 427 364 249
internal_count=4162 648 221 427 364 249
is_linear=0
shrinkage=0.05


Tree=98
num_leaves=7
num_cat=0
split_feature=3 3 0 12 6 0
split_gain=0.404507 0.385254 0.47632 0.353209 0.288572 0.394265
threshold=-0.31610054897581247 -0.25272164789944301 0.23689629202838369 27.125000000000004 -0.092384845968150123 -0.093462419343661798
decision_type=10 10 8 8 2 8
left_child=3 2 -2 -1 -3 -6
right_child=1 4 -4 -5 5 -7
leaf_value=-0.0016146572041746473 0.0053030595006044352 -0.0003823032747372918 -0.00013878234249752868 0.0023503650695220722 0.0031714485820697421 0.00028151262218819179
leaf_weight=597 78 2020 83 62 131 1191
leaf_count=597 78 2020 83 62 131 1191
internal_value=-0.000105146 0.000108652 0.00249764 -0.00124162 -6.43666e-06 0.000567883
internal_weight=4162 3503 161 659 3342 1322
internal_count=4162 3503 161 659 3342 1322
is_linear=0
shrinkage=0.05


Tree=99
num_leaves=7
num_cat=0
split_feature=2 6 6 1 6 11
split_gain=0.390804 0.659606 0.425979 0.472655 0.329951 0.326381
threshold=-0.55945195390203939 -0.28169355858184314 -0.08270398538512698 -0.013076167683527902 -0.038331174023324442 3.2500000000000004
decision_type=10 2 2 2 2 10
left_child=1 -1 5 -4 -2 -3
right_child=4 2 3 -5 -6 -7
leaf_value=-0.0065607385653752978 -0.00021618716386845229 0.0013641422283042488 0.00093770081031264042 -0.0050405926766503165 0.00084718555629554508 -0.0030073564714392115
leaf_weight=56 2704 204 51 94 999 54
leaf_count=56 2704 204 51 94 999 54
internal_value=-9.98891e-05 -0.00147605 -0.000769492 -0.00293788 7.06909e-05 0.000449177
internal_weight=4162 459 403 145 3703 258
internal_count=4162 459 403 145 3703 258
is_linear=0
shrinkage=0.05


Tree=100
num_leaves=7
num_cat=0
split_feature=11 8 8 6 6 0
split_gain=0.279636 0.511364 0.410157 0.279752 0.435915 0.537996
threshold=-8.7499999999999982 0.89339787344015953 0.95713378082547307 0.076639141965149232 0.11538148183518064 0.22831731487719198
decision_type=8 8 10 2 2 8
left_child=1 -1 -3 -2 -5 -6
right_child=3 2 -4 4 5 -7
leaf_value=0.0013668222077537027 0.00013808215998425556 -0.0070307592237368226 -0.0017241572446898739 -0.0036668787280632388 0.0016669562214921261 -0.0041408132344738328
leaf_weight=94 3534 50 134 128 145 55
leaf_count=94 3534 50 134 128 145 55
internal_value=-0.000101814 -0.00163343 -0.00316617 8.43755e-06 -0.0013884 6.98196e-05
internal_weight=4140 278 184 3862 328 200
internal_count=4140 278 184 3862 328 200
is_linear=0
shrinkage=0.05


Tree=101
num_leaves=7
num_cat=0
split_feature=11 11 0 2 2 11
split_gain=0.252372 0.276117 0.40949 0.28524 0.371286 0.248582
threshold=-8.7499999999999982 8.2500000000000018 0.15587074503258228 0.084893346614577384 0.20371088163994169 4.7500000000000009
decision_type=8 10 10 8 10 8
left_child=-1 5 3 -3 -5 -2
right_child=1 2 -4 4 -6 -7
leaf_value=-0.0015517592541295566 -7.1265288232516159e-05 -0.000534708384478016 0.00060782634984809071 -0.0075625577490966494 -0.0016136559790146409 0.0009884410803744218
leaf_weight=278 2863 69 139 54 51 686
leaf_count=278 2863 69 139 54 51 686
internal_value=-9.67229e-05 8.01566e-06 -0.0014156 -0.00303201 -0.00467309 0.000133569
internal_weight=4140 3862 313 174 105 3549
internal_count=4140 3862 313 174 105 3549
is_linear=0
shrinkage=0.05


Tree=102
num_leaves=7
num_cat=0
split_feature=11 8 8 6 6 7
split_gain=0.227765 0.461506 0.370167 0.251904 0.457637 0.298047
threshold=-8.7499999999999982 0.89339787344015953 0.95713378082547307 0.080377145196660241 0.11538148183518064 0.40204100288186556
decision_type=8 8 10 2 2 2
left_child=1 -1 -3 -2 5 -5
right_child=3 2 -4 4 -6 -7
leaf_value=0.0013760689576961438 0.00012712005701786717 -0.0066016332532744864 -0.0015603614107537545 -0.0011212344660295867 7.198742322179897e-05 -0.0063201523773993061
leaf_weight=94 3551 50 134 51 200 60
leaf_count=94 3551 50 134 51 200 60
internal_value=-9.18867e-05 -0.00147417 -0.00293027 7.61489e-06 -0.0013569 -0.00393146
internal_weight=4140 278 184 3862 311 111
internal_count=4140 278 184 3862 311 111
is_linear=0
shrinkage=0.05


Tree=103
num_leaves=7
num_cat=0
split_feature=7 3 2 0 0 8
split_gain=0.178988 0.777496 0.718411 0.51754 0.502764 0.242627
threshold=0.82126366220692371 -0.072209390491409731 0.13885164482092796 -0.047135489299474177 0.058687052179021544 0.99752032520167466
decision_type=2 10 10 10 8 8
left_child=-1 3 4 -2 -3 -4
right_child=1 2 5 -5 -6 -7
leaf_value=1.0731962835757605e-05 -0.0083536997640039773 0.00032209409644076633 -8.8509175783166522e-05 -0.0015874324407195673 0.0068742836601673992 -0.0049185731658676207
leaf_weight=3802 50 67 52 65 52 52
leaf_count=3802 50 67 52 65 52 52
internal_value=-8.72924e-05 -0.00118992 0.000532174 -0.00452929 0.00318524 -0.00250354
internal_weight=4140 338 223 115 119 104
internal_count=4140 338 223 115 119 104
is_linear=0
shrinkage=0.05


end of trees

feature_importances:
implied_total=106
def_short_pass_epa_adj=88
prior_pass_epa_per_db=81
def_deep_pass_epa_adj=76
rolling_pass_epa_per_db=75
wt_snap_share=54
team_spread=42
baseline_pass_epa_per_db=33
form_residual=33
games_played_so_far=27
draft_tier_int=6
is_cold_start_int=2
def_used_fallback_int=1

parameters:
[boosting: gbdt]
[objective: regression]
[metric: rmse]
[tree_learner: serial]
[device_type: cpu]
[data_sample_strategy: bagging]
[data: ]
[valid: ]
[num_iterations: 104]
[learning_rate: 0.05]
[num_leaves: 7]
[num_threads: 1]
[seed: 42]
[deterministic: 0]
[force_col_wise: 0]
[force_row_wise: 0]
[histogram_pool_size: -1]
[max_depth: -1]
[min_data_in_leaf: 50]
[min_sum_hessian_in_leaf: 0.001]
[bagging_fraction: 0.8]
[pos_bagging_fraction: 1]
[neg_bagging_fraction: 1]
[bagging_freq: 5]
[bagging_seed: 400]
[bagging_by_query: 0]
[feature_fraction: 0.8]
[feature_fraction_bynode: 1]
[feature_fraction_seed: 30056]
[extra_trees: 0]
[extra_seed: 12879]
[early_stopping_round: 0]
[early_stopping_min_delta: 0]
[first_metric_only: 0]
[max_delta_step: 0]
[lambda_l1: 0]
[lambda_l2: 0]
[linear_lambda: 0]
[min_gain_to_split: 0]
[drop_rate: 0.1]
[max_drop: 50]
[skip_drop: 0.5]
[xgboost_dart_mode: 0]
[uniform_drop: 0]
[drop_seed: 17869]
[top_rate: 0.2]
[other_rate: 0.1]
[min_data_per_group: 100]
[max_cat_threshold: 32]
[cat_l2: 10]
[cat_smooth: 10]
[max_cat_to_onehot: 4]
[top_k: 20]
[monotone_constraints: ]
[monotone_constraints_method: basic]
[monotone_penalty: 0]
[feature_contri: ]
[forcedsplits_filename: ]
[refit_decay_rate: 0.9]
[cegb_tradeoff: 1]
[cegb_penalty_split: 0]
[cegb_penalty_feature_lazy: ]
[cegb_penalty_feature_coupled: ]
[path_smooth: 0]
[interaction_constraints: ]
[verbosity: -1]
[saved_feature_importance_type: 0]
[use_quantized_grad: 0]
[num_grad_quant_bins: 4]
[quant_train_renew_leaf: 0]
[stochastic_rounding: 1]
[linear_tree: 0]
[max_bin: 255]
[max_bin_by_feature: ]
[min_data_in_bin: 3]
[bin_construct_sample_cnt: 200000]
[data_random_seed: 175]
[is_enable_sparse: 1]
[enable_bundle: 1]
[use_missing: 1]
[zero_as_missing: 0]
[feature_pre_filter: 0]
[pre_partition: 0]
[two_round: 0]
[header: 0]
[label_column: ]
[weight_column: ]
[group_column: ]
[ignore_column: ]
[categorical_feature: ]
[forcedbins_filename: ]
[precise_float_parser: 0]
[parser_config_file: ]
[objective_seed: 16083]
[num_class: 1]
[is_unbalance: 0]
[scale_pos_weight: 1]
[sigmoid: 1]
[boost_from_average: 1]
[reg_sqrt: 0]
[alpha: 0.9]
[fair_c: 1]
[poisson_max_delta_step: 0.7]
[tweedie_variance_power: 1.5]
[lambdarank_truncation_level: 30]
[lambdarank_norm: 1]
[label_gain: ]
[lambdarank_position_bias_regularization: 0]
[eval_at: ]
[multi_error_top_k: 1]
[auc_mu_weights: ]
[num_machines: 1]
[local_listen_port: 12400]
[time_out: 120]
[machine_list_filename: ]
[machines: ]
[gpu_platform_id: -1]
[gpu_device_id: -1]
[gpu_use_dp: 0]
[num_gpu: 1]

end of parameters
