tree
version=v4
num_class=1
num_tree_per_iteration=1
label_index=0
max_feature_idx=8
objective=regression
feature_names=wt_rush_epa_pg wt_carries wt_carry_share prior_rush_epa_pg prior_carries_pg def_rush_epa_adj draft_tier_int is_cold_start_int games_played_so_far
feature_infos=[-7.9610408634180203:11.661707995866891] [0:16] [0:0.47203992185651944] [-1.707761595658938:4.7530046415469229] [0.14285714285714285:11.083333333333334] [-0.60641758501024112:0.31855093932182543] [1:5] [0:1] [0:16]
tree_sizes=734 755 758 751 756 748 753 746 747 760 754 752 761 750 760 754 759 757 753 754 763 762 763 759 762 762 757 752 757 756 768 757 768 764 755 747 747 757 760 762 763 749 757 762 763 737 765 743 741 764 757 765 768 767 757 755 756 756 753 756 753 753 762 759 764 751 758 760 754 748 774 775 756 759 761 763 745 751 748

Tree=0
num_leaves=7
num_cat=0
split_feature=2 3 1 5 1 3
split_gain=959.049 279.862 238.758 138.909 120.34 70.7847
threshold=0.16667665056926725 0.53964548539191159 6.8401566615715703 -0.15754094894136764 1.8814951944871845 3.3119193018935547
decision_type=10 10 10 2 10 10
left_child=1 4 5 -4 -1 -2
right_child=2 -3 3 -5 -6 -7
leaf_value=0.55757705100776178 0.61340966433771271 0.59744867757160791 0.58382282026738574 0.69797223996150792 0.58090748348447063 0.70172623200252537
leaf_weight=1700 415 915 31 190 819 24
leaf_count=1700 415 915 31 190 819 24
internal_value=0.584375 0.573765 0.639575 0.68196 0.565162 0.618238
internal_weight=4094 3434 660 221 2519 439
internal_count=4094 3434 660 221 2519 439
is_linear=0
shrinkage=1


Tree=1
num_leaves=7
num_cat=0
split_feature=2 3 1 1 8 0
split_gain=865.542 252.575 215.479 108.607 65.8389 62.337
threshold=0.16667665056926725 0.53964548539191159 6.8401566615715703 1.8814951944871845 2.5000000000000004 2.7138090021869372
decision_type=10 10 10 10 2 10
left_child=1 3 4 -1 -2 -4
right_child=2 -3 5 -5 -6 -7
leaf_value=-0.025427532146294493 -0.01646542008345326 0.012450513627833072 0.070519054929654199 -0.0032636202787650666 0.039904612650736027 0.12447591097513727
leaf_weight=1700 60 915 130 819 379 91
leaf_count=1700 60 915 130 819 379 91
internal_value=3.00973e-05 -0.0100488 0.0524708 -0.0182214 0.0322003 0.0927366
internal_weight=4094 3434 660 2519 439 221
internal_count=4094 3434 660 2519 439 221
is_linear=0
shrinkage=0.05


Tree=2
num_leaves=7
num_cat=0
split_feature=4 1 1 3 3 4
split_gain=907.416 235.688 163.714 97.1907 89.1758 62.9565
threshold=4.5277777777777786 1.8620599581044897 8.3679617311642946 0.53964548539191159 0.42463107040560605 5.0937500000000009
decision_type=10 10 10 10 10 10
left_child=1 3 4 -1 -2 -6
right_child=2 -3 -4 -5 5 -7
leaf_value=-0.024569068758271778 -0.044262299330338192 0.0058394653255550641 0.12446823737724724 0.0053674229674456481 0.10170928878279833 0.046955964992320909
leaf_weight=1688 23 1626 96 323 65 273
leaf_count=1688 23 1626 96 323 65 273
internal_value=2.85931e-05 -0.00831563 0.0664354 -0.0197608 0.0510029 0.0574855
internal_weight=4094 3637 457 2011 361 338
internal_count=4094 3637 457 2011 361 338
is_linear=0
shrinkage=0.05


Tree=3
num_leaves=7
num_cat=0
split_feature=4 1 1 4 4 4
split_gain=818.943 213.327 147.752 76.0561 73.5803 82.4589
threshold=4.5277777777777786 1.7547023969053146 8.3679617311642946 2.870833333333334 5.0937500000000009 8.4333333333333353
decision_type=10 10 10 10 10 10
left_child=1 3 4 -1 -2 -6
right_child=2 -3 -4 -5 5 -7
leaf_value=-0.021876325394906519 0.096623823871979347 0.0050189371971820843 0.11824482379161055 0.018152107535971431 0.0288485437341667 0.11503336709893999
leaf_weight=1809 65 1701 96 127 265 31
leaf_count=1809 65 1701 96 127 265 31
internal_value=2.71635e-05 -0.00789985 0.0631137 -0.0192505 0.0484528 0.0378747
internal_weight=4094 3637 457 1936 361 296
internal_count=4094 3637 457 1936 361 296
is_linear=0
shrinkage=0.05


Tree=4
num_leaves=7
num_cat=0
split_feature=4 1 1 3 8 0
split_gain=739.096 192.764 133.346 83.8892 80.8359 61.0289
threshold=4.5277777777777786 1.8620599581044897 8.3679617311642946 0.53964548539191159 2.5000000000000004 2.7687044730783081
decision_type=10 10 10 10 2 8
left_child=1 3 4 -1 -2 -6
right_child=2 -3 -4 -5 5 -7
leaf_value=-0.022322629748227601 -0.00096506302130140676 0.005296544988173133 0.11233258654150025 0.0054899648705572356 0.044899550018914325 0.098560315487640257
leaf_weight=1688 73 1626 96 323 218 70
leaf_count=1688 73 1626 96 323 218 70
internal_value=2.58047e-05 -0.00750486 0.059958 -0.0178555 0.0460301 0.0579421
internal_weight=4094 3637 457 2011 361 288
internal_count=4094 3637 457 2011 361 288
is_linear=0
shrinkage=0.05


Tree=5
num_leaves=7
num_cat=0
split_feature=2 3 4 1 5 3
split_gain=680.182 229.02 161.716 80.2491 54.2255 56.1037
threshold=0.15807582088421274 0.85839527901391222 4.866666666666668 9.6484599693500268 -0.10929212601271422 1.8234721597181733
decision_type=10 10 10 10 2 10
left_child=1 -1 -2 4 5 -4
right_child=2 -3 3 -5 -6 -7
leaf_value=-0.015119116925563876 0.022244010516218483 0.019675767828684146 0.06099046468291254 0.12285592924607427 0.071209197135153904 -0.024723679235404625
leaf_weight=2825 416 568 42 57 206 35
leaf_count=2825 416 568 42 57 206 35
internal_value=0.000261748 -0.00929433 0.0431503 0.0687299 0.0578281 0.0220295
internal_weight=4149 3393 756 340 283 77
internal_count=4149 3393 756 340 283 77
is_linear=0
shrinkage=0.05


Tree=6
num_leaves=7
num_cat=0
split_feature=2 4 4 2 4 5
split_gain=613.864 177.113 145.948 59.0143 51.3286 55.498
threshold=0.15807582088421274 1.8452380952380956 4.866666666666668 0.28573096299014872 3.1937500000000005 -0.13963729822728096
decision_type=10 10 10 10 8 2
left_child=1 -1 4 -4 5 -2
right_child=2 -3 3 -5 -6 -7
leaf_value=-0.0169341244344559 -0.020496068092492912 0.0072723884812661149 0.05222715371494472 0.098503333807457238 0.0084881731608107587 0.060327332033795825
leaf_weight=2257 26 1136 244 96 274 116
leaf_count=2257 26 1136 244 96 274 116
internal_value=0.00024866 -0.00882962 0.0409928 0.0652934 0.0211318 0.0455287
internal_weight=4149 3393 756 340 416 142
internal_count=4149 3393 756 340 416 142
is_linear=0
shrinkage=0.05


Tree=7
num_leaves=7
num_cat=0
split_feature=2 3 4 1 0 5
split_gain=554.012 196.862 131.718 68.7109 56.44 92.548
threshold=0.15807582088421274 0.85839527901391222 4.866666666666668 9.6484599693500268 2.7687044730783081 -0.098886721420699833
decision_type=10 10 10 10 10 2
left_child=1 -1 -2 4 5 -4
right_child=2 -3 3 -5 -6 -7
leaf_value=-0.013788511048363671 0.0200752185762842 0.018471127922292534 -0.01291907856773053 0.11211271035615683 0.085179970302851876 0.060737865778377677
leaf_weight=2825 416 568 63 57 88 132
leaf_count=2825 416 568 63 57 88 132
internal_value=0.000236227 -0.00838814 0.0389432 0.0620287 0.0519411 0.036941
internal_weight=4149 3393 756 340 283 195
internal_count=4149 3393 756 340 283 195
is_linear=0
shrinkage=0.05


Tree=8
num_leaves=7
num_cat=0
split_feature=2 4 4 1 0 0
split_gain=499.996 150.754 118.876 62.0116 51.8646 50.9371
threshold=0.15807582088421274 1.8452380952380956 4.866666666666668 9.6484599693500268 2.9508934562451219 2.7687044730783081
decision_type=10 10 10 10 10 10
left_child=1 -1 -2 5 -5 -4
right_child=2 -3 3 4 -6 -7
leaf_value=-0.015445874694053872 0.019071457702263546 0.0068868355109835125 0.035093957397322621 0.1644957832121493 0.067279421527157809 0.080920971341600478
leaf_weight=2257 416 1136 195 23 34 88
leaf_count=2257 416 1136 195 23 34 88
internal_value=0.000224416 -0.00796873 0.036996 0.0589273 0.106507 0.0493441
internal_weight=4149 3393 756 340 57 283
internal_count=4149 3393 756 340 57 283
is_linear=0
shrinkage=0.05


Tree=9
num_leaves=7
num_cat=0
split_feature=2 4 1 5 0 5
split_gain=451.247 136.056 108.097 106.441 44.7803 43.4283
threshold=0.15807582088421274 1.8452380952380956 6.6488982461262589 -0.1559840285937045 0.79020677967750641 0.065940460826837549
decision_type=10 10 10 2 10 2
left_child=1 -1 5 -4 -3 -2
right_child=2 4 3 -5 -6 -7
leaf_value=-0.014673581570426086 0.016942424459256884 -0.0014534307571117198 -0.019757917128941593 0.075540362302442349 0.018867308034022992 0.06398101055825299
leaf_weight=2257 455 689 34 212 447 55
leaf_count=2257 455 689 34 212 447 55
internal_value=0.000213195 -0.00757029 0.0351462 0.0623691 0.00654249 0.0220152
internal_weight=4149 3393 756 246 1136 510
internal_count=4149 3393 756 246 1136 510
is_linear=0
shrinkage=0.05


Tree=10
num_leaves=7
num_cat=0
split_feature=4 3 0 0 1 1
split_gain=426.632 153.816 81.8424 99.6505 93.1066 77.8933
threshold=4.5277777777777786 0.84673854704819729 2.7687044730783081 3.0750208194938597 6.9390602385858582 4.0022565602875728
decision_type=10 10 10 10 10 10
left_child=1 5 -2 -4 -5 -1
right_child=2 -3 3 4 -6 -7
leaf_value=-0.011393220918782854 0.033131176077133305 0.018349526617515974 0.17431979373745299 0.005800272528406071 0.099685501709820767 0.018262354946540046
leaf_weight=2861 331 611 23 46 62 240
leaf_count=2861 331 611 23 46 62 240
internal_value=0.00105932 -0.00458014 0.0463703 0.0798219 0.0596973 -0.00909805
internal_weight=4174 3712 462 131 108 3101
internal_count=4174 3712 462 131 108 3101
is_linear=0
shrinkage=0.05


Tree=11
num_leaves=7
num_cat=0
split_feature=1 3 0 2 5 8
split_gain=376.631 152.979 75.124 88.6835 85.7029 66.8321
threshold=4.0022565602875728 0.85839527901391222 2.7687044730783081 0.25086677792976303 -0.098886721420699833 4.5000000000000009
decision_type=10 10 10 10 2 2
left_child=1 -1 4 -4 -2 -5
right_child=2 -3 3 5 -6 -7
leaf_value=-0.010457026154360149 -0.0055225929627137158 0.017522407417600583 0.030124994765967129 0.024943473190069201 0.038497314625353718 0.12638018757946068
leaf_weight=2888 161 588 100 22 353 62
leaf_count=2888 161 588 100 22 353 62
internal_value=0.00100636 -0.00572403 0.0345233 0.0619393 0.024709 0.0998134
internal_weight=4174 3476 698 184 514 84
internal_count=4174 3476 698 184 514 84
is_linear=0
shrinkage=0.05


Tree=12
num_leaves=7
num_cat=0
split_feature=4 0 2 4 3 4
split_gain=354.354 129.648 69.5845 68.7422 59.0938 58.9957
threshold=4.5277777777777786 0.95064512374507826 0.13646759617707158 1.9687500000000002 0.78346908770085844 3.8697478991596643
decision_type=10 10 10 8 10 10
left_child=1 4 -2 -3 -1 -5
right_child=2 3 -4 5 -6 -7
leaf_value=-0.012706697726182657 0.0013844209777958253 -0.015352523488400039 0.05146475046136928 0.020857738452090123 0.0085884729543178485 -0.048461564863100652
leaf_weight=2358 85 192 377 752 378 32
leaf_count=2358 85 192 377 752 378 32
internal_value=0.000956038 -0.00418356 0.0422508 0.0114616 -0.0097646 0.0180284
internal_weight=4174 3712 462 976 2736 784
internal_count=4174 3712 462 976 2736 784
is_linear=0
shrinkage=0.05


Tree=13
num_leaves=7
num_cat=0
split_feature=4 0 4 4 2 4
split_gain=319.804 117.007 68.1178 62.1337 83.8849 62.0399
threshold=4.5277777777777786 0.95064512374507826 10.366666666666669 5.0937500000000009 0.13646759617707158 1.9687500000000002
decision_type=10 10 10 10 10 8
left_child=1 -1 3 -2 -5 -3
right_child=2 5 -4 4 -6 -7
leaf_value=-0.0092763712258644576 0.078753847880836794 -0.01458489715732867 0.1105165381450206 -0.02081970982631115 0.038863749998725126 0.01712695989788662
leaf_weight=2736 68 192 32 74 288 784
leaf_count=2736 68 192 32 74 288 784
internal_value=0.000908236 -0.00397438 0.0401383 0.0349008 0.0266633 0.0108886
internal_weight=4174 3712 462 430 362 976
internal_count=4174 3712 462 430 362 976
is_linear=0
shrinkage=0.05


Tree=14
num_leaves=7
num_cat=0
split_feature=3 2 3 5 0 1
split_gain=292.314 166.381 88.5696 65.9393 63.925 63.826
threshold=0.66856416847530675 0.21264377649155189 0.87356494517423933 -0.12929726723575527 2.2641901321328466 4.0022565602875728
decision_type=10 10 10 2 10 10
left_child=5 4 -3 -4 -2 -1
right_child=1 2 3 -5 -6 -7
leaf_value=-0.0098057493809268915 0.0069942492548788968 0.15931661821901799 -0.0061761032919897593 0.062631523064872047 0.044402596896822411 0.015474154230545867
leaf_weight=2712 808 20 43 183 133 275
leaf_count=2712 808 20 43 183 133 275
internal_value=0.000862824 0.0218528 0.0584648 0.0495398 0.0122815 -0.00747834
internal_weight=4174 1187 246 226 941 2987
internal_count=4174 1187 246 226 941 2987
is_linear=0
shrinkage=0.05


Tree=15
num_leaves=7
num_cat=0
split_feature=4 4 3 1 3 1
split_gain=325.328 129.671 99.8581 55.234 74.5992 48.8193
threshold=2.5277777777777781 10.366666666666669 1.7587387478715162 8.3679617311642946 1.4885985401757036 2.3060259765648046
decision_type=10 10 10 10 10 10
left_child=2 3 5 -2 -5 -1
right_child=1 -3 -4 4 -6 -7
leaf_value=-0.01308186231447551 0.016706426470198911 0.11705874093675189 0.085621505816067978 0.12950089221390396 0.024342082316676776 0.0017712909757040892
leaf_weight=2149 1135 35 28 26 48 745
leaf_count=2149 1135 35 28 26 48 745
internal_value=0.000767735 0.0221819 -0.00834904 0.0194353 0.0612898 -0.00925823
internal_weight=4166 1244 2922 1209 74 2894
internal_count=4166 1244 2922 1209 74 2894
is_linear=0
shrinkage=0.05


Tree=16
num_leaves=7
num_cat=0
split_feature=4 4 1 2 1 5
split_gain=293.609 117.028 49.8487 63.7635 49.4839 60.8663
threshold=2.5277777777777781 10.366666666666669 8.3679617311642946 0.33466608383566138 2.2480764670911495 0.01095811229718437
decision_type=10 10 10 10 10 2
left_child=4 2 -2 -4 -1 -6
right_child=1 -3 3 -5 5 -7
leaf_value=-0.01185803508274492 0.015871105339759672 0.11120580548686641 0.091377477226208675 -0.0067530194520950314 -0.0058480131100975908 0.025276982658670857
leaf_weight=2142 1135 35 49 25 562 218
leaf_count=2142 1135 35 49 25 562 218
internal_value=0.000729349 0.0210728 0.0184635 0.0582253 -0.00793159 0.00285102
internal_weight=4166 1244 1209 74 2922 780
internal_count=4166 1244 1209 74 2922 780
is_linear=0
shrinkage=0.05


Tree=17
num_leaves=7
num_cat=0
split_feature=4 4 1 2 1 5
split_gain=264.982 105.618 44.9884 57.5466 44.6592 54.9318
threshold=2.5277777777777781 10.366666666666669 8.3679617311642946 0.33466608383566138 2.2480764670911495 0.01095811229718437
decision_type=10 10 10 10 10 2
left_child=4 2 -2 -4 -1 -6
right_child=1 -3 3 -5 5 -7
leaf_value=-0.011265133096628677 0.015077549919428607 0.10564551439136267 0.086808605020751772 -0.006415369182825089 -0.005555612678321417 0.024013133364803815
leaf_weight=2142 1135 35 49 25 562 218
leaf_count=2142 1135 35 49 25 562 218
internal_value=0.000692881 0.0200192 0.0175403 0.055314 -0.00753501 0.00270847
internal_weight=4166 1244 1209 74 2922 780
internal_count=4166 1244 1209 74 2922 780
is_linear=0
shrinkage=0.05


Tree=18
num_leaves=7
num_cat=0
split_feature=4 4 3 1 3 1
split_gain=239.146 95.32 88.9939 40.6021 65.214 35.6581
threshold=2.5277777777777781 10.366666666666669 1.7587387478715162 8.3679617311642946 1.4885985401757036 2.3060259765648046
decision_type=10 10 10 10 10 10
left_child=2 3 5 -2 -5 -1
right_child=1 -3 -4 4 -6 -7
leaf_value=-0.011284397786584695 0.014323672464421011 0.10036323800683022 0.081553312124950553 0.11632447855976911 0.018002896880110107 0.0014097130912724858
leaf_weight=2149 1135 35 28 26 48 745
leaf_count=2149 1135 35 28 26 48 745
internal_value=0.000658237 0.0190182 -0.00715826 0.0166633 0.0525483 -0.00801656
internal_weight=4166 1244 2922 1209 74 2894
internal_count=4166 1244 2922 1209 74 2894
is_linear=0
shrinkage=0.05


Tree=19
num_leaves=7
num_cat=0
split_feature=4 4 3 2 2 4
split_gain=215.83 86.0263 80.317 37.4862 49.8662 49.6764
threshold=2.5277777777777781 10.366666666666669 1.7587387478715162 0.13848550632371479 0.1282888862916978 3.1213235294117649
decision_type=10 10 10 10 10 10
left_child=2 3 -1 4 -2 -5
right_child=1 -3 -4 5 -6 -7
leaf_value=-0.0076157349912378842 0.011879438731602422 0.09534507657800402 0.077475645512874641 0.061527346163439939 -0.035155357535751094 0.019041564297909527
leaf_weight=2894 534 35 28 79 63 533
leaf_count=2894 534 35 28 79 63 533
internal_value=0.000625325 0.0180673 -0.00680035 0.0158301 0.00691597 0.0245258
internal_weight=4166 1244 2922 1209 597 612
internal_count=4166 1244 2922 1209 597 612
is_linear=0
shrinkage=0.05


Tree=20
num_leaves=7
num_cat=0
split_feature=2 1 5 2 1 3
split_gain=208.298 66.8828 74.7336 51.3134 43.3765 42.8988
threshold=0.15982732342118086 3.3358533556012078 -0.20302369533711304 0.038146452300514055 4.4417911931794247 1.0818824538706204
decision_type=10 10 2 10 10 8
left_child=3 -2 -3 -1 -5 -4
right_child=1 2 5 4 -6 -7
leaf_value=-0.01341247065700797 -0.04553641733346564 -0.033025227345448611 0.049131315141839008 0.00037292352188757942 -0.052816232284292199 0.022498035825516904
leaf_weight=1174 33 48 229 2234 39 445
leaf_count=1174 33 48 229 2234 39 445
internal_value=0.000286012 0.0240726 0.0272541 -0.00492398 -0.000539693 0.031547
internal_weight=4202 755 722 3447 2273 674
internal_count=4202 755 722 3447 2273 674
is_linear=0
shrinkage=0.05


Tree=21
num_leaves=7
num_cat=0
split_feature=2 1 5 4 1 1
split_gain=187.989 60.3617 67.4471 46.4731 39.5066 39.4661
threshold=0.15982732342118086 3.3358533556012078 -0.20302369533711304 1.3229166666666667 4.4417911931794247 8.3679617311642946
decision_type=10 10 2 8 10 10
left_child=3 -2 -3 -1 -5 -4
right_child=1 2 5 4 -6 -7
leaf_value=-0.014817777897376837 -0.043259596598870825 -0.031373965233797207 0.024890005222422577 -0.00061208643213907297 -0.052650170637344999 0.058788011714788438
leaf_weight=851 33 48 573 2559 37 101
leaf_count=851 33 48 573 2559 37 101
internal_value=0.000271711 0.0228689 0.0258914 -0.00467778 -0.00135377 0.0299697
internal_weight=4202 755 722 3447 2596 674
internal_count=4202 755 722 3447 2596 674
is_linear=0
shrinkage=0.05


Tree=22
num_leaves=7
num_cat=0
split_feature=2 1 5 2 3 1
split_gain=169.66 54.4764 60.871 45.4524 38.6927 35.3676
threshold=0.15982732342118086 3.3358533556012078 -0.20302369533711304 0.036704561020292716 1.0818824538706204 4.4920287302761635
decision_type=10 10 2 10 8 10
left_child=3 -2 -3 -1 -4 -5
right_child=1 2 4 5 -6 -7
leaf_value=-0.012659996114731962 -0.041096616852464102 -0.029805267016248155 0.045171203986460989 0.00034477862117152352 0.019877255302801562 -0.04960385250548522
leaf_weight=1131 33 48 229 2280 445 36
leaf_count=1131 33 48 229 2280 445 36
internal_value=0.000258126 0.0217255 0.0245969 -0.00444389 0.0284712 -0.000431625
internal_weight=4202 755 722 3447 674 2316
internal_count=4202 755 722 3447 674 2316
is_linear=0
shrinkage=0.05


Tree=23
num_leaves=7
num_cat=0
split_feature=2 1 5 3 0 2
split_gain=153.118 49.165 54.9361 44.9834 41.6272 46.5066
threshold=0.15982732342118086 3.3358533556012078 -0.20302369533711304 1.0626660815572777 0.26722737401654467 0.075854864575349401
decision_type=10 10 2 10 10 10
left_child=3 -2 -3 -1 5 -5
right_child=1 2 -4 4 -6 -7
leaf_value=-0.0065274372297317463 -0.03904178521849893 -0.028315003897296267 0.027047633442292624 0.0099704580414774167 0.021041848757819968 -0.043459502409677955
leaf_weight=2964 33 48 674 112 307 64
leaf_count=2964 33 48 674 112 307 64
internal_value=0.00024522 0.0206392 0.023367 -0.0042217 0.00992781 -0.00945862
internal_weight=4202 755 722 3447 483 176
internal_count=4202 755 722 3447 483 176
is_linear=0
shrinkage=0.05


Tree=24
num_leaves=7
num_cat=0
split_feature=2 1 0 1 1 4
split_gain=138.189 44.3714 41.3855 48.9841 54.8462 50.222
threshold=0.15982732342118086 3.3358533556012078 0.64890796673683493 1.3615729185801364 3.1159448570457418 1.5166666666666668
decision_type=10 10 10 10 10 8
left_child=2 -2 -1 -4 5 -5
right_child=1 -3 3 4 -6 -7
leaf_value=-0.0076764459670650405 -0.037089695804046863 0.022198664322314873 -0.017084550171124716 -0.015430856931366419 -0.0098205587782842288 0.024226940409233795
leaf_weight=2381 33 722 216 95 255 500
leaf_count=2381 33 722 216 95 255 500
internal_value=0.000232958 0.0196073 -0.00401061 0.00417733 0.00958035 0.017895
internal_weight=4202 755 3447 1066 850 595
internal_count=4202 755 3447 1066 850 595
is_linear=0
shrinkage=0.05


Tree=25
num_leaves=7
num_cat=0
split_feature=2 3 8 3 3 5
split_gain=172.577 43.9133 42.2049 39.8736 60.7802 46.3616
threshold=0.11951076257186158 0.88779390967681981 14.500000000000002 0.65908477234381158 0.70421724119229123 -0.13089523010763496
decision_type=10 10 2 10 10 2
left_child=1 -1 -3 -2 -5 -6
right_child=3 2 -4 4 5 -7
leaf_value=-0.010375290577676118 0.0057047600679575134 0.011245037297994349 -0.050254403824607531 0.088861614865634375 -0.010443314617755366 0.026922283658022773
leaf_weight=2546 611 398 30 34 102 446
leaf_count=2546 611 398 30 34 102 446
internal_value=-0.00143954 -0.0078842 0.00693433 0.0146262 0.0239921 0.0199674
internal_weight=4167 2974 428 1193 582 548
internal_count=4167 2974 428 1193 582 548
is_linear=0
shrinkage=0.05


Tree=26
num_leaves=7
num_cat=0
split_feature=2 4 4 2 1 5
split_gain=155.751 47.7439 53.7189 49.7955 47.5664 56.5841
threshold=0.11951076257186158 2.6966911764705888 3.1213235294117649 0.18736884393675066 6.6488982461262589 -0.15754094894136764
decision_type=10 8 8 10 10 2
left_child=-1 -2 3 -3 -4 -6
right_child=1 2 4 -5 5 -7
leaf_value=-0.0074899854540466954 -0.0096038303447408928 0.066896520085308872 0.007151426106029854 -0.013974792847875506 -0.030670928955078128 0.042896669316724895
leaf_weight=2974 183 92 661 24 30 203
leaf_count=2974 183 92 661 24 30 203
internal_value=-0.00136757 0.0138949 0.0181525 0.0501645 0.0139989 0.0334244
internal_weight=4167 1193 1010 116 894 233
internal_count=4167 1193 1010 116 894 233
is_linear=0
shrinkage=0.05


Tree=27
num_leaves=7
num_cat=0
split_feature=4 2 8 2 2 2
split_gain=142.042 49.9132 46.6823 39.2653 37.6665 36.9726
threshold=2.710084033613446 0.13735200488976626 13.500000000000002 0.14184595343730455 0.12942664138722437 0.090044566389023001
decision_type=10 10 2 10 10 10
left_child=-1 2 4 -3 -2 -4
right_child=1 3 5 -5 -6 -7
leaf_value=-0.0069643496567879763 0.012299599981184099 0.089077732953327632 0.007906547614506312 0.021041649412743901 -0.041654052726392242 -0.067006179534364496
leaf_weight=3027 427 22 28 588 35 40
leaf_count=3027 427 22 28 588 35 40
internal_value=-0.00129919 0.0137433 0.0025192 0.0234954 0.0082122 -0.0361598
internal_weight=4167 1140 530 610 462 68
internal_count=4167 1140 530 610 462 68
is_linear=0
shrinkage=0.05


Tree=28
num_leaves=7
num_cat=0
split_feature=4 0 5 5 0 6
split_gain=128.193 61.2779 44.6256 59.0504 47.9285 50.2752
threshold=2.710084033613446 2.8251277483893587 -0.13268758844908565 -0.1242058279096495 1.8880850438576451 4.5000000000000009
decision_type=10 10 2 2 8 2
left_child=-1 2 -2 -4 5 -5
right_child=1 -3 3 4 -6 -7
leaf_value=-0.0066161321724219962 -0.013175367977777401 0.041235416242570593 0.090833041157263025 -0.0028746237106780639 -0.010794572910184369 0.028752817497217871
leaf_weight=3027 194 165 24 187 187 383
leaf_count=3027 194 165 24 187 187 383
internal_value=-0.00123423 0.0130561 0.00828734 0.0136187 0.0111707 0.0183768
internal_weight=4167 1140 975 781 757 570
internal_count=4167 1140 975 781 757 570
is_linear=0
shrinkage=0.05


Tree=29
num_leaves=7
num_cat=0
split_feature=4 4 8 3 4 4
split_gain=119.107 61.4 40.3978 49.6833 56.5691 45.6438
threshold=4.416666666666667 5.0937500000000009 14.500000000000002 0.85839527901391222 3.2613636363636371 3.143589743589744
decision_type=10 10 2 10 10 10
left_child=2 -2 3 -1 -5 -4
right_child=1 -3 5 4 -6 -7
leaf_value=-0.0052859737277531592 0.066069065108895306 0.015151531529215846 -0.016697192661188267 0.021105178851822889 -0.014875467309099161 -0.091906140473755935
leaf_weight=2902 70 384 243 395 151 22
leaf_count=2902 70 384 243 395 151 22
internal_value=-0.00117252 0.0230023 -0.00412844 -0.00268258 0.0111545 -0.022941
internal_weight=4167 454 3713 3448 546 265
internal_count=4167 454 3713 3448 546 265
is_linear=0
shrinkage=0.05


Tree=30
num_leaves=7
num_cat=0
split_feature=0 1 8 2 2 1
split_gain=83.7286 36.4761 40.7303 35.4031 40.065 60.8942
threshold=0.52968745859264332 1.3615729185801364 14.500000000000002 0.11211426766714737 0.15982732342118086 3.3592455774620356
decision_type=10 10 2 10 10 10
left_child=-1 -2 3 -3 5 -5
right_child=1 2 -4 4 -6 -7
leaf_value=-0.0055520522100552102 -0.0092055572320502346 0.024498911238470103 -0.017936756715578872 0.013899123172964406 0.016595947997277389 -0.028714345206276744
leaf_weight=2462 241 512 107 184 520 154
leaf_count=2462 241 512 107 184 520 154
internal_value=0.000359292 0.00883061 0.0117735 0.014094 0.00788499 -0.00551648
internal_weight=4180 1718 1477 1370 858 338
internal_count=4180 1718 1477 1370 858 338
is_linear=0
shrinkage=0.05


Tree=31
num_leaves=7
num_cat=0
split_feature=0 4 5 5 8 2
split_gain=75.565 43.0439 58.7841 38.1354 52.0851 50.3397
threshold=0.52968745859264332 2.2361111111111116 -0.074548918012735638 -0.060671892835654537 6.5000000000000009 0.073911552762165947
decision_type=10 10 2 2 2 10
left_child=-1 -2 -3 4 -4 -5
right_child=1 2 3 5 -6 -7
leaf_value=-0.0052744495367501197 0.00023146684668367865 0.00072222315843720913 0.12565365738489412 0.083438981999643155 0.014166412428021431 0.018511329234127752
leaf_weight=2462 833 366 22 32 20 445
leaf_count=2462 833 366 22 32 20 445
internal_value=0.000341327 0.00838908 0.0160674 0.0268888 0.0725645 0.0228671
internal_weight=4180 1718 885 519 42 477
internal_count=4180 1718 885 519 42 477
is_linear=0
shrinkage=0.05


Tree=32
num_leaves=7
num_cat=0
split_feature=0 4 4 2 1 2
split_gain=68.1974 38.8471 32.7354 27.9154 23.6046 35.1147
threshold=0.52968745859264332 2.2361111111111116 2.2761904761904765 0.27298165327317142 5.9126244580017113 0.11951076257186158
decision_type=10 10 10 10 10 10
left_child=3 -2 -3 4 5 -1
right_child=1 2 -4 -5 -6 -7
leaf_value=-0.0071909784784868012 0.00021989346698269197 0.074134406220653787 0.013693222986467253 0.053820160962641243 -0.044592030694414128 0.010889529814193777
leaf_weight=2096 833 23 862 20 38 308
leaf_count=2096 833 23 862 20 38 308
internal_value=0.000324261 0.00796963 0.015264 -0.00501073 -0.00549255 -0.00487451
internal_weight=4180 1718 885 2462 2442 2404
internal_count=4180 1718 885 2462 2442 2404
is_linear=0
shrinkage=0.05


Tree=33
num_leaves=7
num_cat=0
split_feature=4 5 5 2 1 5
split_gain=62.3249 54.7484 60.0855 36.8347 58.1505 42.811
threshold=2.446022727272728 -0.13268758844908565 -0.12585696530380583 0.13848550632371479 3.8112340057822256 -0.074548918012735638
decision_type=10 2 2 10 10 2
left_child=-1 -2 -3 4 -4 -5
right_child=1 2 3 5 -6 -7
leaf_value=-0.0038328529552022605 -0.01124495212049134 0.094296650665447776 0.0072939356218602765 -0.0025882681181269981 -0.069335319728662193 0.031226772125963899
leaf_weight=2863 260 23 518 126 26 364
leaf_count=2863 260 23 518 126 26 364
internal_value=0.000308048 0.00930987 0.0143659 0.012588 0.00363151 0.0225315
internal_weight=4180 1317 1057 1034 544 490
internal_count=4180 1317 1057 1034 544 490
is_linear=0
shrinkage=0.05


Tree=34
num_leaves=7
num_cat=0
split_feature=4 5 5 6 3 3
split_gain=56.2482 49.4104 54.2272 47.1217 42.5975 47.0161
threshold=2.446022727272728 -0.13268758844908565 -0.12585696530380583 4.5000000000000009 1.4885985401757036 1.0703322596118183
decision_type=10 2 2 2 10 10
left_child=-1 3 -3 -2 5 -5
right_child=1 2 -4 4 -6 -7
leaf_value=-0.003641210292904159 0.019594725551690128 0.089581819915253186 0.01195857377393654 -0.029635220529356351 -0.057294025829513422 0.040347001867161864
leaf_weight=2863 86 23 1034 72 66 36
leaf_count=2863 86 23 1034 72 66 36
internal_value=0.000292646 0.00884438 0.0136476 -0.0106827 -0.0256474 -0.00630781
internal_weight=4180 1317 1057 260 174 108
internal_count=4180 1317 1057 260 174 108
is_linear=0
shrinkage=0.05


Tree=35
num_leaves=7
num_cat=0
split_feature=3 5 3 3 2 8
split_gain=65.4735 37.989 43.6444 39.1329 36.4719 33.3673
threshold=0.80635442935675272 -0.13268758844908565 1.4667217100377432 3.0358421656298118 0.32434928566774285 9.5000000000000018
decision_type=10 2 10 10 10 2
left_child=-1 2 -2 -3 5 -5
right_child=1 3 -4 4 -6 -7
leaf_value=-0.0034544594303299657 0.013243134525018158 0.011638537194696411 -0.03322000167896285 0.038276378963408728 -0.015678388364613056 0.10774828380346298
leaf_weight=3150 108 751 95 56 20 25
leaf_count=3150 108 751 95 56 20 25
internal_value=0.000156235 0.010937 -0.0085007 0.0155683 0.0447883 0.0597183
internal_weight=4205 1055 203 852 101 81
internal_count=4205 1055 203 852 101 81
is_linear=0
shrinkage=0.05


Tree=36
num_leaves=7
num_cat=0
split_feature=3 8 4 8 1 5
split_gain=59.0898 35.7885 27.698 90.776 66.0761 25.4176
threshold=0.80635442935675272 14.500000000000002 5.2083333333333348 8.5000000000000018 7.1515121798140671 0.15147542370299885
decision_type=10 2 10 2 8 2
left_child=2 -2 5 4 -4 -1
right_child=1 -3 3 -5 -6 -7
leaf_value=-0.0046391790168360423 0.012590968161462088 -0.028143780474273263 0.005255524238402194 -0.057613786700226016 0.12522045184681094 0.026962299851270823
leaf_weight=3018 998 57 22 21 24 65
leaf_count=3018 998 57 22 21 24 65
internal_value=0.000148423 0.0103901 -0.00328174 0.0285227 0.0678459 -0.00397291
internal_weight=4205 1055 3150 67 46 3083
internal_count=4205 1055 3150 67 46 3083
is_linear=0
shrinkage=0.05


Tree=37
num_leaves=7
num_cat=0
split_feature=3 5 2 5 5 2
split_gain=53.5616 38.4314 42.0378 50.8684 130.745 64.7548
threshold=0.66856416847530675 -0.13268758844908565 0.22169289131167205 -0.026205635078150404 -0.054731356978633808 0.26826449294121718
decision_type=10 2 10 2 2 10
left_child=-1 -2 -3 4 -4 -5
right_child=1 2 3 5 -6 -7
leaf_value=-0.0034270829855678011 -0.0092626040247047233 0.0083268137037856762 0.041507300194352864 0.10383716572903925 -0.098231444914232607 0.021546534090942027
leaf_weight=3004 231 782 70 45 22 51
leaf_count=3004 231 782 70 45 22 51
internal_value=0.000141002 0.00906567 0.0134304 0.0346594 0.00809151 0.0601203
internal_weight=4205 1201 970 188 92 96
internal_count=4205 1201 970 188 92 96
is_linear=0
shrinkage=0.05


Tree=38
num_leaves=7
num_cat=0
split_feature=4 5 5 4 4 4
split_gain=50.9962 35.7563 40.4569 32.6921 46.97 90.6115
threshold=1.8452380952380956 -0.13268758844908565 -0.12585696530380583 2.2583333333333337 3.0294117647058827 3.1291666666666669
decision_type=10 2 2 10 10 10
left_child=-1 3 -3 -2 -5 -6
right_child=1 2 -4 4 5 -7
leaf_value=-0.0044808939967725357 0.027566893520680341 0.065836967737413946 0.0089593232222764264 -0.044695601089637771 0.099937878921628004 -0.01227605536309534
leaf_weight=2470 55 32 1360 89 20 179
leaf_count=2470 55 32 1360 89 20 179
internal_value=0.000133952 0.00670379 0.0102669 -0.00775623 -0.014502 -0.000998273
internal_weight=4205 1735 1392 343 288 199
internal_count=4205 1735 1392 343 288 199
is_linear=0
shrinkage=0.05


Tree=39
num_leaves=7
num_cat=0
split_feature=1 8 1 4 3 3
split_gain=47.9234 28.1838 35.1721 27.0141 26.5036 21.1025
threshold=1.9996781157468813 14.500000000000002 6.532395279328532 3.2613636363636371 0.51800976192274228 2.7393212701380976
decision_type=10 2 10 8 10 10
left_child=4 5 3 -3 -1 -2
right_child=1 2 -4 -5 -6 -7
leaf_value=-0.0076098496009568521 0.005886709017998871 0.0023970538439850014 0.045212222039699559 -0.046303800622533475 0.0065004838416512266 0.027074347323338899
leaf_weight=1786 1746 48 20 70 409 126
leaf_count=1786 1746 48 20 70 409 126
internal_value=0.000127255 0.00570527 -0.0161012 -0.0264933 -0.00498063 0.0073128
internal_weight=4205 2010 138 118 2195 1872
internal_count=4205 2010 138 118 2195 1872
is_linear=0
shrinkage=0.05


Tree=40
num_leaves=7
num_cat=0
split_feature=4 3 1 1 1 1
split_gain=71.9269 35.9888 51.8468 42.124 77.8732 59.568
threshold=10.633333333333335 0.66856416847530675 2.1377209583724457 4.7138752336188725 4.1149730397473947 6.532395279328532
decision_type=10 8 8 8 10 8
left_child=1 3 -3 4 -1 -5
right_child=-2 2 -4 5 -6 -7
leaf_value=-0.0037438535802043504 0.090637851032343786 -0.006083712201744018 0.0097509161210054471 -0.073691804701348354 0.0738369148563255 -0.012118257302790881
leaf_weight=1632 22 793 1485 49 33 198
leaf_count=1632 22 793 1485 49 33 198
internal_value=0.000466784 -6.66768e-06 0.00423869 -0.00506468 -0.00220622 -0.0243333
internal_weight=4212 4190 2278 1912 1665 247
internal_count=4212 4190 2278 1912 1665 247
is_linear=0
shrinkage=0.05


Tree=41
num_leaves=7
num_cat=0
split_feature=4 2 8 1 2 2
split_gain=64.914 35.938 39.1666 43.8465 53.3454 39.481
threshold=10.633333333333335 0.13735200488976626 3.5000000000000004 3.1159448570457418 0.14629404430887741 0.32434928566774285
decision_type=10 10 2 10 10 10
left_child=1 -1 -3 4 -4 -5
right_child=-2 2 3 5 -6 -7
leaf_value=-0.0024419762911758497 0.086105958033691754 -0.010930782800355955 0.11771784856576811 0.013371678379237513 0.010963361859321594 -0.050679580077528957
leaf_weight=3282 22 197 22 639 25 25
leaf_count=3282 22 197 22 639 25 25
internal_value=0.000443445 -6.3343e-06 0.00879738 0.0142636 0.0609335 0.0109601
internal_weight=4212 4190 908 711 47 664
internal_count=4212 4190 908 711 47 664
is_linear=0
shrinkage=0.05


Tree=42
num_leaves=7
num_cat=0
split_feature=4 2 5 3 4 0
split_gain=58.5849 32.434 58.9182 50.5285 40.2605 40.2326
threshold=10.633333333333335 0.13735200488976626 -0.098886721420699833 2.399025925403929 6.3452380952380958 -0.75384754865355563
decision_type=10 10 2 8 10 10
left_child=1 -1 -3 4 -4 -5
right_child=-2 2 3 5 -6 -7
leaf_value=-0.0023198772861014942 0.081800658933141021 -0.010235380845521738 0.010525966867950397 0.10235595636069775 -0.046601052012513668 0.02844646629457892
leaf_weight=3282 22 290 332 20 34 232
leaf_count=3282 22 290 332 20 34 232
internal_value=0.000421273 -6.01746e-06 0.00835752 0.0170823 0.00521909 0.0343123
internal_weight=4212 4190 908 618 366 252
internal_count=4212 4190 908 618 366 252
is_linear=0
shrinkage=0.05


Tree=43
num_leaves=7
num_cat=0
split_feature=4 1 4 0 0 4
split_gain=52.8729 31.3442 34.4305 32.4288 55.3727 35.566
threshold=10.633333333333335 0.992096441268563 1.8284313725490198 4.1203700796384251 3.7572654341755372 8.4333333333333353
decision_type=10 8 8 10 10 10
left_child=1 -1 -3 4 5 -4
right_child=-2 2 3 -5 -6 -7
leaf_value=-0.0089912917613593126 0.077710626545277509 -0.0066813604789234321 0.0042113466024520157 -0.032665163059053676 0.078394804873432103 0.048125037146692584
leaf_weight=788 22 844 2429 56 26 47
leaf_count=788 22 844 2429 56 26 47
internal_value=0.000400209 -5.71664e-06 0.0020756 0.00496492 0.00580716 0.00504493
internal_weight=4212 4190 3402 2558 2502 2476
internal_count=4212 4190 3402 2558 2502 2476
is_linear=0
shrinkage=0.05


Tree=44
num_leaves=7
num_cat=0
split_feature=4 5 2 1 2 3
split_gain=47.7178 28.66 51.6708 41.276 41.238 47.3807
threshold=10.633333333333335 -0.095805195623638276 0.139663231121368 8.1358882404391117 0.33466608383566138 2.6420326547880397
decision_type=10 2 10 10 10 8
left_child=1 3 -3 -1 5 -4
right_child=-2 2 4 -5 -6 -7
leaf_value=-0.0046397307385154475 0.073825096135789706 -0.00061564013759034123 0.0073722655017098241 -0.063941295947879548 -0.048208183841779828 0.037077012517133273
leaf_weight=1340 22 2227 352 30 24 217
leaf_count=1340 22 2227 352 30 24 217
internal_value=0.000380199 -5.431e-06 0.00287685 -0.00593831 0.0159928 0.0187008
internal_weight=4212 4190 2820 1370 593 569
internal_count=4212 4190 2820 1370 593 569
is_linear=0
shrinkage=0.05


Tree=45
num_leaves=7
num_cat=0
split_feature=1 3 8 1 0 4
split_gain=32.729 51.5093 46.9675 71.218 31.1871 44.0711
threshold=6.6488982461262589 1.0818824538706204 8.5000000000000018 7.6673738395200086 4.1203700796384251 8.4333333333333353
decision_type=10 8 2 10 10 8
left_child=-1 2 3 -2 5 -3
right_child=1 4 -4 -5 -6 -7
leaf_value=-0.0014916087326472271 0.02385667327504892 -0.019814450349380723 0.0070190153442896341 0.14464151608231277 -0.052094116434454919 0.036161728656372509
leaf_weight=3868 26 67 39 23 24 74
leaf_count=3868 26 67 39 23 24 74
internal_value=-0.00035201 0.0170708 0.0479633 0.0805516 0.000594794 0.00956312
internal_weight=4121 253 88 49 165 141
internal_count=4121 253 88 49 165 141
is_linear=0
shrinkage=0.05


Tree=46
num_leaves=7
num_cat=0
split_feature=4 0 4 4 8 3
split_gain=30.3414 23.9259 20.5271 33.7623 33.4019 36.4715
threshold=10.366666666666669 0.40033412134089608 2.2008928571428577 3.1213235294117649 4.5000000000000009 0.69139430125479284
decision_type=10 10 8 8 2 8
left_child=1 -1 -3 -4 5 -5
right_child=-2 2 3 4 -6 -7
leaf_value=-0.004163442616706029 0.050628654093577946 -0.0045436103767622768 0.020939759106086395 0.030542518767087086 0.0074998427419052495 -0.023024571459433162
leaf_weight=2245 29 553 324 38 738 194
leaf_count=2245 29 553 324 38 738 194
internal_value=-0.000334409 -0.000695584 0.00351954 0.00696539 0.00229766 -0.0142507
internal_weight=4121 4092 1847 1294 970 232
internal_count=4121 4092 1847 1294 970 232
is_linear=0
shrinkage=0.05


Tree=47
num_leaves=7
num_cat=0
split_feature=1 5 3 8 0 4
split_gain=28.3004 59.3278 33.7516 53.7073 39.5847 53.5213
threshold=6.6488982461262589 -0.15754094894136764 1.0818824538706204 8.5000000000000018 4.1203700796384251 9.9333333333333353
decision_type=10 2 8 2 10 10
left_child=-1 -2 3 -3 5 -4
right_child=1 2 4 -5 -6 -7
leaf_value=-0.0013773868019755081 -0.046632762896743694 0.092070309012196969 0.0065568193043524089 0.0072590784515653333 -0.048991897799398589 0.091227248505405756
leaf_weight=3868 33 40 99 35 23 23
leaf_count=3868 33 40 99 35 23 23
internal_value=-0.000317689 0.0158835 0.025261 0.0524917 0.0111761 0.0225193
internal_weight=4121 253 220 75 145 122
internal_count=4121 253 220 75 145 122
is_linear=0
shrinkage=0.05


Tree=48
num_leaves=7
num_cat=0
split_feature=1 5 8 8 3 3
split_gain=25.5411 53.5434 31.9591 74.6051 53.2854 44.4902
threshold=6.6488982461262589 -0.15754094894136764 4.5000000000000009 8.5000000000000018 3.0358421656298118 3.1199188085019549
decision_type=10 2 2 2 8 10
left_child=-1 -2 -3 -4 -5 -6
right_child=1 2 3 4 5 -7
leaf_value=-0.0013085174211000317 -0.044301124763759699 -0.0033245651620543667 0.089329729625519286 -0.02288603522613937 0.098842724714389388 0.0044377338571044119
leaf_weight=3868 33 72 47 51 24 26
leaf_count=3868 33 72 47 51 24 26
internal_value=-0.000301804 0.0150894 0.0239979 0.03729 0.0130735 0.0497521
internal_weight=4121 253 220 148 101 50
internal_count=4121 253 220 148 101 50
is_linear=0
shrinkage=0.05


Tree=49
num_leaves=7
num_cat=0
split_feature=4 0 5 4 6 0
split_gain=24.5837 20.9712 18.848 27.7199 29.3566 38.957
threshold=10.366666666666669 0.40033412134089608 -0.074548918012735638 2.1715686274509807 2.5000000000000004 2.0105506585713289
decision_type=10 10 2 8 2 10
left_child=1 -1 -3 -4 5 -5
right_child=-2 2 3 4 -6 -7
leaf_value=-0.0038584985222251574 0.045586727610949812 -0.0028922498087674423 -0.0043934761508539017 0.0074744221048824722 0.016327787112581173 -0.062909880573196075
leaf_weight=2245 29 733 343 66 677 28
leaf_count=2245 29 733 343 66 677 28
internal_value=-0.000286714 -0.000611819 0.00333447 0.00743158 0.0126923 -0.0134911
internal_weight=4121 4092 1847 1114 771 94
internal_count=4121 4092 1847 1114 771 94
is_linear=0
shrinkage=0.05


Tree=50
num_leaves=7
num_cat=0
split_feature=4 1 3 0 3 3
split_gain=28.1584 21.0777 26.5683 60.0852 30.7091 27.7903
threshold=1.7008928571428574 10.843603078296958 3.6187049109310361 1.4314447048532595 3.3119193018935547 3.1199188085019549
decision_type=8 10 10 10 10 10
left_child=-1 2 4 -4 5 -2
right_child=1 -3 3 -5 -6 -7
leaf_value=-0.0073245585007518923 0.0016501648739859504 0.041393173113465312 0.015987726549307506 -0.10135585259646179 0.046449036403914526 -0.053537562309318915
leaf_weight=1244 2779 33 24 20 38 23
leaf_count=1244 2779 33 24 20 38 23
internal_value=-0.00102612 0.00165995 0.0012053 -0.0373503 0.00180264 0.00119716
internal_weight=4161 2917 2884 44 2840 2802
internal_count=4161 2917 2884 44 2840 2802
is_linear=0
shrinkage=0.05


Tree=51
num_leaves=7
num_cat=0
split_feature=5 3 3 1 1 1
split_gain=26.0502 58.6921 50.2528 94.2838 43.4164 59.4261
threshold=-0.094737499476731143 0.51800976192274228 0.70421724119229123 4.9868054061677096 4.7138752336188725 6.8401566615715703
decision_type=2 8 8 8 10 10
left_child=-1 4 3 -3 -2 -6
right_child=1 2 -4 -5 5 -7
leaf_value=-0.0065970436348166562 -0.0047495072368519894 0.015461953665788581 0.0050855693015304064 0.11303178398839889 -0.10070168317428657 0.0091112373058091518
leaf_weight=1378 1105 123 1474 31 28 22
leaf_count=1378 1105 123 1474 31 28 22
internal_value=-0.000974813 0.00180903 0.00792502 0.0351026 -0.00681161 -0.052384
internal_weight=4161 2783 1628 154 1155 50
internal_count=4161 2783 1628 154 1155 50
is_linear=0
shrinkage=0.05


Tree=52
num_leaves=7
num_cat=0
split_feature=4 5 6 0 0 5
split_gain=24.0391 24.5237 34.9197 51.6027 42.2118 77.8873
threshold=1.7008928571428574 -0.094737499476731143 4.5000000000000009 3.4864993089503797 0.93747851510844671 0.0249931107314551
decision_type=8 2 2 10 10 2
left_child=-1 -2 3 4 -3 -6
right_child=1 2 -4 -5 5 -7
leaf_value=-0.0067456108416315361 -0.0048550734267691102 -0.0086716665573343104 0.010487122241698723 -0.080509042192161803 0.036025744393143967 -0.026838731478479969
leaf_weight=1244 987 546 1131 21 161 71
leaf_count=1244 987 546 1131 21 161 71
internal_value=-0.000926072 0.00155576 0.00483425 -0.00316749 -0.00107987 0.016787
internal_weight=4161 2917 1930 799 778 232
internal_count=4161 2917 1930 799 778 232
is_linear=0
shrinkage=0.05


Tree=53
num_leaves=7
num_cat=0
split_feature=4 5 1 4 4 3
split_gain=21.6953 22.1326 26.9339 40.9867 33.0765 38.2565
threshold=1.7008928571428574 -0.094737499476731143 4.0960900332164334 4.5277777777777786 8.4333333333333353 1.3686694203579266
decision_type=8 2 10 10 10 10
left_child=-1 2 3 -2 5 -4
right_child=1 -3 4 -5 -6 -7
leaf_value=-0.0064083301773859291 -0.0026296677884952101 0.0045925414395264737 -0.012103111854372756 0.055171080876607451 0.035185866958151263 -0.060198100263563294
leaf_weight=1244 738 1930 133 32 24 60
leaf_count=1244 738 1930 133 32 24 60
internal_value=-0.000879769 0.00147797 -0.00461232 -0.000227559 -0.0201711 -0.0270549
internal_weight=4161 2917 987 770 217 193
internal_count=4161 2917 987 770 217 193
is_linear=0
shrinkage=0.05


Tree=54
num_leaves=7
num_cat=0
split_feature=1 2 3 3 0 4
split_gain=19.8755 28.1602 105.131 45.7837 47.9011 39.9339
threshold=10.843603078296958 0.28964962504561659 1.4885985401757036 3.3119193018935547 3.3159102025831975 6.291666666666667
decision_type=10 10 10 10 8 10
left_child=1 3 -3 5 -5 -1
right_child=-2 2 -4 4 -6 -7
leaf_value=-0.00037531578344871127 0.037813605712444492 0.027859640615060927 -0.085403436923488271 0.084310285508399835 -0.010288387867014694 -0.032220689388969458
leaf_weight=3890 33 40 42 32 23 101
leaf_count=3890 33 40 42 32 23 101
internal_value=-0.00083578 -0.00114475 -0.0301532 -0.000556839 0.0447508 -0.00118122
internal_weight=4161 4128 82 4046 55 3991
internal_count=4161 4128 82 4046 55 3991
is_linear=0
shrinkage=0.05


Tree=55
num_leaves=7
num_cat=0
split_feature=0 4 5 4 5 4
split_gain=32.5057 32.4607 48.011 44.7799 32.268 39.1791
threshold=0.95064512374507826 6.2187500000000009 -0.23469790898524961 6.8035714285714297 -0.16387978920571578 3.1213235294117649
decision_type=10 8 2 8 2 10
left_child=-1 2 -2 -3 -4 -6
right_child=1 3 4 -5 5 -7
leaf_value=-0.0027748190635553272 -0.05372362437805063 0.069986250280941784 0.034138599622853198 0.013052709315845738 0.0098194885183270474 -0.013859597584370123
leaf_weight=2922 38 38 79 379 444 288
leaf_count=2922 38 38 79 379 444 288
internal_value=0.000124683 0.0068169 0.00120582 0.0182409 0.00377958 0.000503127
internal_weight=4188 1266 849 417 811 732
internal_count=4188 1266 849 417 811 732
is_linear=0
shrinkage=0.05


Tree=56
num_leaves=7
num_cat=0
split_feature=1 3 8 1 2 2
split_gain=33.5001 23.0373 30.2805 45.824 18.655 22.973
threshold=0.99883632944094958 3.0358421656298118 9.5000000000000018 7.8608162966976884 0.062509405810894786 0.061534984929071994
decision_type=8 10 2 10 8 10
left_child=-1 4 3 -3 5 -2
right_child=1 2 -4 -5 -6 -7
leaf_value=-0.0090771727877396978 0.0071168858138210825 0.038705515946545033 0.060769134565060473 -0.038508150455626576 -0.00031174047492636507 0.051279471742530031
leaf_weight=801 588 46 38 33 2651 31
leaf_count=801 588 46 38 33 2651 31
internal_value=0.000118449 0.00229314 0.0240933 0.00645171 0.00151314 0.00932858
internal_weight=4188 3387 117 79 3270 619
internal_count=4188 3387 117 79 3270 619
is_linear=0
shrinkage=0.05


Tree=57
num_leaves=7
num_cat=0
split_feature=1 4 4 3 5 4
split_gain=30.2338 26.6397 25.9652 45.663 57.2749 39.5097
threshold=0.99883632944094958 10.366666666666669 8.5666666666666682 3.0358421656298118 -0.01673992046836913 6.291666666666667
decision_type=8 10 10 10 2 10
left_child=-1 2 3 5 -5 -2
right_child=1 -3 -4 4 -6 -7
leaf_value=-0.008623313946625015 0.0022172126911718256 0.046214150308686142 -0.041740379964604099 0.074582921317283155 -0.014770457944993315 -0.031200882020293849
leaf_weight=801 3152 34 34 47 29 91
leaf_count=801 3152 34 34 47 29 91
internal_value=0.000112527 0.00217849 0.00173196 0.00217729 0.0404876 0.00127949
internal_weight=4188 3387 3353 3319 76 3243
internal_count=4188 3387 3353 3319 76 3243
is_linear=0
shrinkage=0.05


Tree=58
num_leaves=7
num_cat=0
split_feature=4 8 2 4 5 4
split_gain=26.3002 21.3641 50.7107 37.7331 37.6291 34.5149
threshold=10.366666666666669 14.500000000000002 0.22503942875964714 2.8564102564102569 -0.034745084218850579 4.0811688311688323
decision_type=10 2 10 8 2 8
left_child=1 -1 3 4 -3 -5
right_child=-2 2 -4 5 -6 -7
leaf_value=0.00070502972875432612 0.04390344415955684 -0.028011351723901252 0.062985447011888032 -0.087756633758544922 0.029476584004774944 -0.024938241574589327
leaf_weight=3878 34 55 20 27 59 115
leaf_count=3878 34 55 20 27 59 115
internal_value=0.0001069 -0.000251569 -0.0136925 -0.0196829 0.00174118 -0.0368826
internal_weight=4188 4154 276 256 114 142
internal_count=4188 4154 276 256 114 142
is_linear=0
shrinkage=0.05


Tree=59
num_leaves=7
num_cat=0
split_feature=1 1 4 4 4 3
split_gain=27.342 29.978 26.7143 21.7828 23.3951 41.4791
threshold=0.86775781496205651 0.73367921933713443 1.4330357142857146 10.366666666666669 8.5666666666666682 3.0358421656298118
decision_type=8 10 8 10 10 10
left_child=1 -1 -3 4 5 -2
right_child=3 2 -4 -5 -6 -7
leaf_value=-0.0050252626509080574 0.0010744892705160318 -0.015982457245454978 -0.073654501104066447 0.041708271917613116 -0.039780203248922008 0.038427924695057111
leaf_weight=593 3363 57 31 34 34 76
leaf_count=593 3363 57 31 34 34 76
internal_value=0.000101555 -0.00906648 -0.0362987 0.00188183 0.00149194 0.00189998
internal_weight=4188 681 88 3507 3473 3439
internal_count=4188 681 88 3507 3473 3439
is_linear=0
shrinkage=0.05


Tree=60
num_leaves=7
num_cat=0
split_feature=1 8 1 1 1 8
split_gain=33.966 28.7233 35.291 27.2133 49.7371 26.7048
threshold=0.86775781496205651 15.500000000000002 2.6739514746848991 9.6484599693500268 8.8944042925430953 8.5000000000000018
decision_type=10 2 10 10 10 2
left_child=-1 3 -3 4 -2 -5
right_child=1 2 -4 5 -6 -7
leaf_value=-0.0075999616545419819 0.0032790972418622285 0.0045031926331474733 -0.08631180255673826 0.066980372626108661 -0.072176451473073527 0.0023529609965701262
leaf_weight=1037 2989 23 20 33 22 31
leaf_count=1037 2989 23 20 33 22 31
internal_value=0.000238944 0.00284605 -0.0377363 0.00341354 0.00272778 0.0356765
internal_weight=4155 3118 43 3075 3011 64
internal_count=4155 3118 43 3075 3011 64
is_linear=0
shrinkage=0.05


Tree=61
num_leaves=7
num_cat=0
split_feature=1 8 1 1 1 8
split_gain=30.6543 25.9228 31.8502 24.56 44.8877 24.1011
threshold=0.86775781496205651 15.500000000000002 2.6739514746848991 9.6484599693500268 8.8944042925430953 8.5000000000000018
decision_type=10 2 10 10 10 2
left_child=-1 3 -3 4 -2 -5
right_child=1 2 -4 5 -6 -7
leaf_value=-0.0072199636219944328 0.0031151423635535909 0.0042780320666244492 -0.081996214799582967 0.06363135432880937 -0.068567628311839976 0.0022353121800528417
leaf_weight=1037 2989 23 20 33 22 31
leaf_count=1037 2989 23 20 33 22 31
internal_value=0.000226996 0.00270374 -0.0358495 0.00324286 0.00259139 0.0338926
internal_weight=4155 3118 43 3075 3011 64
internal_count=4155 3118 43 3075 3011 64
is_linear=0
shrinkage=0.05


Tree=62
num_leaves=7
num_cat=0
split_feature=2 4 4 8 2 3
split_gain=24.4484 21.6923 34.7699 19.9324 23.0654 19.3705
threshold=0.029622339929940646 5.7303030303030313 4.0954545454545466 15.500000000000002 0.090044566389023001 -0.15529727652940578
decision_type=10 10 10 2 10 8
left_child=1 2 -1 5 -5 -2
right_child=3 -3 -4 4 -6 -7
leaf_value=-0.0072063117798943262 0.013960807040688764 -0.05598494938828729 0.059457980319857599 0.0034441656185030612 -0.069033315281073246 0.0013811322199051099
leaf_weight=888 343 22 20 23 21 2838
leaf_count=888 343 22 20 23 21 2838
internal_value=0.000215647 -0.00692657 -0.00573794 0.00227526 -0.0311474 0.00273757
internal_weight=4155 930 908 3225 44 3181
internal_count=4155 930 908 3225 44 3181
is_linear=0
shrinkage=0.05


Tree=63
num_leaves=7
num_cat=0
split_feature=0 8 3 5 5 0
split_gain=21.2945 20.6233 16.9281 56.4271 47.8418 40.312
threshold=0.40033412134089608 15.500000000000002 1.5083492198637936 -0.095805195623638276 -0.044804298403730847 -0.41328419458121679
decision_type=10 2 10 2 2 8
left_child=2 -2 -1 -4 -5 -6
right_child=1 -3 3 4 5 -7
leaf_value=-0.0019814486715334775 0.0046663779341924458 -0.041045412687584763 -0.067630437874170238 0.070063761174678815 0.028849954307079317 -0.04503449251642451
leaf_weight=2096 1893 25 43 20 30 48
leaf_count=2096 1893 25 43 20 30 48
internal_value=0.000204864 0.00407055 -0.00310957 -0.0198794 0.00107263 -0.0166174
internal_weight=4155 1918 2237 141 98 78
internal_count=4155 1918 2237 141 98 78
is_linear=0
shrinkage=0.05


Tree=64
num_leaves=7
num_cat=0
split_feature=1 1 8 2 2 8
split_gain=26.0728 37.5891 24.7424 29.4415 71.1835 37.163
threshold=9.6484599693500268 8.8944042925430953 14.500000000000002 0.18537691763894479 0.16667665056926725 2.5000000000000004
decision_type=10 10 2 8 10 2
left_child=1 2 3 4 -1 -6
right_child=-2 -3 -4 -5 5 -7
leaf_value=0.0014708539684740985 0.031861366856901441 -0.065481474987146529 -0.014750425308849312 -0.0077177110962669453 -0.016721975377627783 0.04665526149694238
leaf_weight=2883 64 22 264 761 28 133
leaf_count=2883 64 22 264 761 28 133
internal_value=0.000194621 -0.000300776 5.16382e-05 0.00107864 0.00327773 0.0356331
internal_weight=4155 4091 4069 3805 3044 161
internal_count=4155 4091 4069 3805 3044 161
is_linear=0
shrinkage=0.05


Tree=65
num_leaves=7
num_cat=0
split_feature=1 1 1 1 0 4
split_gain=30.1516 40.7874 27.1927 36.6614 49.3295 36.2981
threshold=10.843603078296958 8.8944042925430953 6.6488982461262589 7.0018403015937496 2.3805595276590696 6.9027777777777795
decision_type=10 10 10 10 10 10
left_child=1 2 -1 4 -4 -5
right_child=-2 -3 3 5 -6 -7
leaf_value=-0.00039156422988303438 0.046426900476217274 -0.041451860099273215 0.11501991362089203 0.025484399450023804 0.007883606715635821 -0.035464059188961984
leaf_weight=3920 35 59 21 76 22 36
leaf_count=3920 35 59 21 76 22 36
internal_value=0.000214276 -0.000176978 0.000420622 0.0209611 0.060206 0.00589382
internal_weight=4169 4134 4075 155 43 112
internal_count=4169 4134 4075 155 43 112
is_linear=0
shrinkage=0.05


Tree=66
num_leaves=7
num_cat=0
split_feature=4 4 4 0 3 8
split_gain=19.6709 19.6796 31.1833 30.2555 42.4345 27.3448
threshold=10.366666666666669 6.9027777777777795 4.5777777777777784 1.5733623043063714 0.87769798982716807 9.5000000000000018
decision_type=10 10 10 10 10 2
left_child=1 2 -1 4 -4 -6
right_child=-2 -3 3 -5 5 -7
leaf_value=-0.0008000244366287943 0.038653885144175906 -0.021267046580944107 0.08078830461291707 2.9698271292114732e-05 0.0026034925003037899 0.056143036507295845
leaf_weight=3724 33 107 34 152 86 33
leaf_count=3724 33 107 34 152 86 33
internal_value=0.000203562 -0.000103222 0.000458835 0.0158293 0.0315256 0.0174506
internal_weight=4169 4136 4029 305 153 119
internal_count=4169 4136 4029 305 153 119
is_linear=0
shrinkage=0.05


Tree=67
num_leaves=7
num_cat=0
split_feature=4 4 4 0 3 3
split_gain=17.753 17.7608 28.1429 27.6045 34.901 44.109
threshold=10.366666666666669 6.9027777777777795 4.5777777777777784 1.5477789211235506 0.44760309331129683 0.87769798982716807
decision_type=10 10 10 8 10 10
left_child=1 2 -1 -4 -5 -6
right_child=-2 -3 3 4 5 -7
leaf_value=-0.00076002323130152803 0.036721191295620167 -0.02020369460719211 0.032258339996703647 -0.055453406663044637 0.049036945524392653 -0.0084797981362789883
leaf_weight=3724 33 107 132 23 50 100
leaf_count=3724 33 107 132 23 50 100
internal_value=0.000193384 -9.80614e-05 0.000435893 0.0150378 0.00189849 0.0106924
internal_weight=4169 4136 4029 305 173 150
internal_count=4169 4136 4029 305 173 150
is_linear=0
shrinkage=0.05


Tree=68
num_leaves=7
num_cat=0
split_feature=1 1 1 8 1 5
split_gain=26.3909 36.8868 23.6953 36.6857 35.7429 32.9008
threshold=10.843603078296958 8.8944042925430953 6.6488982461262589 13.500000000000002 7.1515121798140671 -0.10340297859857094
decision_type=10 10 10 2 10 2
left_child=1 2 -1 4 -4 -6
right_child=-2 -3 3 -5 5 -7
leaf_value=-0.00037217852326128719 0.043418378547898366 -0.039434015289959268 0.043941769505641902 0.081006302223319115 0.044629401740218913 -0.027495094234473074
leaf_weight=3920 35 59 49 21 21 64
leaf_count=3920 35 59 49 21 21 64
internal_value=0.000183715 -0.000182326 0.000385981 0.0195601 0.00993043 -0.0096761
internal_weight=4169 4134 4075 155 134 85
internal_count=4169 4134 4075 155 134 85
is_linear=0
shrinkage=0.05


Tree=69
num_leaves=7
num_cat=0
split_feature=1 1 1 8 1 5
split_gain=23.8178 33.2904 21.385 33.1088 32.616 46.8376
threshold=10.843603078296958 8.8944042925430953 6.6488982461262589 13.500000000000002 7.0018403015937496 -0.10340297859857094
decision_type=10 10 10 2 10 2
left_child=1 2 -1 4 -4 -6
right_child=-2 -3 3 -5 5 -7
leaf_value=-0.00035356960338652486 0.04124745944780963 -0.037462315474778921 0.049374815781374239 0.07695598687444416 0.056519580818712715 -0.0251712753110238
leaf_weight=3920 35 59 37 21 23 74
leaf_count=3920 35 59 37 21 23 74
internal_value=0.000174529 -0.00017321 0.000366681 0.0185821 0.00943391 -0.00580128
internal_weight=4169 4134 4075 155 134 97
internal_count=4169 4134 4075 155 134 97
is_linear=0
shrinkage=0.05


Tree=70
num_leaves=7
num_cat=0
split_feature=4 4 1 1 7 1
split_gain=24.9887 39.5439 28.1941 26.3241 32.1377 44.3532
threshold=2.2761904761904765 3.215384615384616 3.6166350119063471 2.1377209583724457 1.0000000180025095e-35 6.9390602385858582
decision_type=8 8 8 8 2 10
left_child=2 -2 -1 -3 5 -5
right_child=1 3 -4 4 -6 -7
leaf_value=-0.0027003236394029699 0.01439498951808154 -0.0090038181971307963 -0.023553988723350423 -0.0096975782395992537 0.012839100703105634 0.018106039502120839
leaf_weight=1481 578 620 182 595 542 189
leaf_count=1481 578 620 182 595 542 189
internal_value=-0.000223858 0.00291153 -0.00498256 -0.000499277 0.00347721 -0.00299492
internal_weight=4187 2524 1663 1946 1326 784
internal_count=4187 2524 1663 1946 1326 784
is_linear=0
shrinkage=0.05


Tree=71
num_leaves=7
num_cat=0
split_feature=4 4 1 1 7 5
split_gain=22.5523 35.6884 25.4452 23.7575 29.0042 40.383
threshold=2.2761904761904765 3.215384615384616 3.6166350119063471 2.1377209583724457 1.0000000180025095e-35 -0.24496195654567463
decision_type=8 8 8 8 2 2
left_child=2 -2 -1 -3 5 -5
right_child=1 3 -4 4 -6 -7
leaf_value=-0.0025653074436697162 0.013675240040023628 -0.0085536271767435428 -0.022376289239900371 -0.064116808542838466 0.012197145855055764 -0.00074350904310269573
leaf_weight=1481 578 620 182 26 542 758
leaf_count=1481 578 620 182 26 542 758
internal_value=-0.000212665 0.00276596 -0.00473344 -0.000474313 0.00330335 -0.00284517
internal_weight=4187 2524 1663 1946 1326 784
internal_count=4187 2524 1663 1946 1326 784
is_linear=0
shrinkage=0.05


Tree=72
num_leaves=7
num_cat=0
split_feature=4 4 5 2 1 1
split_gain=20.3535 32.2088 23.6815 27.3864 40.1489 32.4116
threshold=2.2761904761904765 3.215384615384616 0.11641357553811056 0.1920513692156755 4.0596239812352097 3.0011636705590514
decision_type=8 8 2 10 10 8
left_child=-1 2 3 4 5 -2
right_child=1 -3 -4 -5 -6 -7
leaf_value=-0.0044967646833080233 0.022135957259142511 -0.00045059726347157085 -0.033641548590877882 -0.031268083850542708 0.057858831210926713 -0.0060884005849560106
leaf_weight=1663 316 1946 26 30 56 150
leaf_count=1663 316 1946 26 30 56 150
internal_value=-0.000202032 0.00262766 0.0129915 0.015188 0.0178578 0.0130509
internal_weight=4187 2524 578 552 522 466
internal_count=4187 2524 578 552 522 466
is_linear=0
shrinkage=0.05


Tree=73
num_leaves=7
num_cat=0
split_feature=3 1 1 5 3 1
split_gain=23.6589 81.5673 66.6507 66.612 34.3814 35.3809
threshold=0.42463107040560605 4.7724750202652269 4.0022565602875728 -0.025089609428514358 0.46287932546252203 7.0018403015937496
decision_type=8 10 10 2 8 10
left_child=1 2 -1 -3 5 -2
right_child=4 3 -4 -5 -6 -7
leaf_value=-0.0048428743876290214 0.091396886923096402 -0.018654372846638716 0.056261177030999379 -0.13904652286320926 0.0020012718184662932 0.00066337840897696357
leaf_weight=1496 22 27 46 20 2555 21
leaf_count=1496 22 27 46 20 2555 21
internal_value=-0.00019193 -0.00499781 -0.00302006 -0.0698851 0.00274746 0.0470852
internal_weight=4187 1589 1542 47 2598 43
internal_count=4187 1589 1542 47 2598 43
is_linear=0
shrinkage=0.05


Tree=74
num_leaves=7
num_cat=0
split_feature=3 1 1 5 3 1
split_gain=21.3521 73.6145 60.1523 60.1173 31.0292 31.9313
threshold=0.42463107040560605 4.7724750202652269 4.0022565602875728 -0.025089609428514358 0.46287932546252203 7.0018403015937496
decision_type=8 10 10 2 8 10
left_child=1 2 -1 -3 5 -2
right_child=4 3 -4 -5 -6 -7
leaf_value=-0.0046007307378364629 0.086827044053511188 -0.017721654143598345 0.053448118048887099 -0.13209419506601991 0.0019012083181675792 0.00063021062385468262
leaf_weight=1496 22 27 46 20 2555 21
leaf_count=1496 22 27 46 20 2555 21
internal_value=-0.000182334 -0.00474792 -0.00286905 -0.0663908 0.00261009 0.0447309
internal_weight=4187 1589 1542 47 2598 43
internal_count=4187 1589 1542 47 2598 43
is_linear=0
shrinkage=0.05


Tree=75
num_leaves=7
num_cat=0
split_feature=4 1 3 0 4 1
split_gain=25.0867 28.8984 24.4363 32.6001 27.7647 54.7424
threshold=2.710084033613446 10.843603078296958 0.9958865287199995 2.2641901321328466 2.1846590909090913 3.9982633417652407
decision_type=10 10 10 8 10 10
left_child=2 -2 4 -4 -1 -6
right_child=1 -3 3 -5 5 -7
leaf_value=-0.0016438019374331572 0.0052916778419912925 0.057624869517706061 0.0044216796861444958 0.058157932496554147 -0.026224888895899714 0.058138624259403776
leaf_weight=2639 1147 27 119 37 228 21
leaf_count=2639 1147 27 119 37 228 21
internal_value=0.000286176 0.00649525 -0.00210852 0.0171668 -0.00314971 -0.0191099
internal_weight=4218 1174 3044 156 2888 249
internal_count=4218 1174 3044 156 2888 249
is_linear=0
shrinkage=0.05


Tree=76
num_leaves=7
num_cat=0
split_feature=2 4 0 0 0 3
split_gain=25.3963 41.7123 37.852 73.8977 51.1913 22.1125
threshold=0.28573096299014872 4.7000000000000011 0.82553260535408624 2.3805595276590696 4.1203700796384251 3.3119193018935547
decision_type=10 10 10 10 10 10
left_child=5 -2 -3 -4 -5 -1
right_child=1 2 3 4 -6 -7
leaf_value=-0.00085396410066288235 -0.039462770104570236 0.096796635836362846 -0.037394872450214979 0.10055794760584831 0.0047029594532572308 0.03135535697349244
leaf_weight=4031 23 20 34 30 26 54
leaf_count=4031 23 20 34 30 26 54
internal_value=0.000271868 0.0217735 0.0345775 0.020751 0.0560538 -0.000428186
internal_weight=4218 133 110 90 56 4085
internal_count=4218 133 110 90 56 4085
is_linear=0
shrinkage=0.05


Tree=77
num_leaves=7
num_cat=0
split_feature=2 3 5 5 6 5
split_gain=22.9201 38.4692 42.1748 42.2485 19.9877 20.7009
threshold=0.28573096299014872 3.5167705754760097 -0.10929212601271422 -0.041960937363576888 1.5000000000000002 0.053992414793726927
decision_type=10 8 2 2 2 2
left_child=4 2 -2 -4 5 -1
right_child=1 -3 3 -5 -6 -7
leaf_value=-0.008344448679065258 -0.024437385509234102 -0.021062854180733365 0.10711065085174948 0.02767753914157127 0.00050695167090273891 -0.050178728677222839
leaf_weight=227 21 39 26 47 3824 34
leaf_count=227 21 39 26 47 3824 34
internal_value=0.000258274 0.0206848 0.0380057 0.0559688 -0.000406777 -0.0137941
internal_weight=4218 133 94 73 4085 261
internal_count=4218 133 94 73 4085 261
is_linear=0
shrinkage=0.05


Tree=78
num_leaves=7
num_cat=0
split_feature=6 0 2 8 0 0
split_gain=20.7571 56.3295 22.5671 37.2853 38.6152 40.8578
threshold=1.5000000000000002 1.3977806207405743 0.25086677792976303 4.5000000000000009 2.7687044730783081 3.4864993089503797
decision_type=2 10 10 2 10 10
left_child=1 -1 -2 -4 -5 -6
right_child=2 -3 3 4 5 -7
leaf_value=-0.0063647734847957814 0.00022721007587922536 -0.089958128055811604 -0.012342757116641373 0.010330587516674835 0.12059617236256599 0.032696705770034057
leaf_weight=240 3734 22 74 89 20 39
leaf_count=240 3734 22 74 89 20 39
internal_value=0.000245361 -0.0133841 0.00114802 0.0166358 0.0311251 0.0624931
internal_weight=4218 262 3956 222 148 59
internal_count=4218 262 3956 222 148 59
is_linear=0
shrinkage=0.05


end of trees

feature_importances:
prior_carries_pg=106
wt_carries=104
prior_rush_epa_pg=66
wt_carry_share=58
def_rush_epa_adj=56
wt_rush_epa_pg=44
games_played_so_far=32
draft_tier_int=6
is_cold_start_int=2

parameters:
[boosting: gbdt]
[objective: regression]
[metric: rmse]
[tree_learner: serial]
[device_type: cpu]
[data_sample_strategy: bagging]
[data: ]
[valid: ]
[num_iterations: 79]
[learning_rate: 0.05]
[num_leaves: 7]
[num_threads: 1]
[seed: 42]
[deterministic: 0]
[force_col_wise: 0]
[force_row_wise: 0]
[histogram_pool_size: -1]
[max_depth: -1]
[min_data_in_leaf: 20]
[min_sum_hessian_in_leaf: 0.001]
[bagging_fraction: 0.8]
[pos_bagging_fraction: 1]
[neg_bagging_fraction: 1]
[bagging_freq: 5]
[bagging_seed: 400]
[bagging_by_query: 0]
[feature_fraction: 0.8]
[feature_fraction_bynode: 1]
[feature_fraction_seed: 30056]
[extra_trees: 0]
[extra_seed: 12879]
[early_stopping_round: 0]
[early_stopping_min_delta: 0]
[first_metric_only: 0]
[max_delta_step: 0]
[lambda_l1: 0]
[lambda_l2: 0]
[linear_lambda: 0]
[min_gain_to_split: 0]
[drop_rate: 0.1]
[max_drop: 50]
[skip_drop: 0.5]
[xgboost_dart_mode: 0]
[uniform_drop: 0]
[drop_seed: 17869]
[top_rate: 0.2]
[other_rate: 0.1]
[min_data_per_group: 100]
[max_cat_threshold: 32]
[cat_l2: 10]
[cat_smooth: 10]
[max_cat_to_onehot: 4]
[top_k: 20]
[monotone_constraints: ]
[monotone_constraints_method: basic]
[monotone_penalty: 0]
[feature_contri: ]
[forcedsplits_filename: ]
[refit_decay_rate: 0.9]
[cegb_tradeoff: 1]
[cegb_penalty_split: 0]
[cegb_penalty_feature_lazy: ]
[cegb_penalty_feature_coupled: ]
[path_smooth: 0]
[interaction_constraints: ]
[verbosity: -1]
[saved_feature_importance_type: 0]
[use_quantized_grad: 0]
[num_grad_quant_bins: 4]
[quant_train_renew_leaf: 0]
[stochastic_rounding: 1]
[linear_tree: 0]
[max_bin: 255]
[max_bin_by_feature: ]
[min_data_in_bin: 3]
[bin_construct_sample_cnt: 200000]
[data_random_seed: 175]
[is_enable_sparse: 1]
[enable_bundle: 1]
[use_missing: 1]
[zero_as_missing: 0]
[feature_pre_filter: 0]
[pre_partition: 0]
[two_round: 0]
[header: 0]
[label_column: ]
[weight_column: ]
[group_column: ]
[ignore_column: ]
[categorical_feature: ]
[forcedbins_filename: ]
[precise_float_parser: 0]
[parser_config_file: ]
[objective_seed: 16083]
[num_class: 1]
[is_unbalance: 0]
[scale_pos_weight: 1]
[sigmoid: 1]
[boost_from_average: 1]
[reg_sqrt: 0]
[alpha: 0.9]
[fair_c: 1]
[poisson_max_delta_step: 0.7]
[tweedie_variance_power: 1.5]
[lambdarank_truncation_level: 30]
[lambdarank_norm: 1]
[label_gain: ]
[lambdarank_position_bias_regularization: 0]
[eval_at: ]
[multi_error_top_k: 1]
[auc_mu_weights: ]
[num_machines: 1]
[local_listen_port: 12400]
[time_out: 120]
[machine_list_filename: ]
[machines: ]
[gpu_platform_id: -1]
[gpu_device_id: -1]
[gpu_use_dp: 0]
[num_gpu: 1]

end of parameters
