tree
version=v4
num_class=1
num_tree_per_iteration=1
label_index=0
max_feature_idx=13
objective=regression
feature_names=prior_epa_per_opp baseline_epa_per_opp rolling_epa_per_opp form_residual is_cold_start_int draft_tier_int def_rush_epa_adj def_short_pass_epa_adj def_deep_pass_epa_adj wt_snap_share games_played_so_far def_used_fallback_int team_spread implied_total
feature_infos=[-1.6252557225216813:0.6145916519958855] [-1.6252557225216813:0.6145916519958855] [-4.8252346983645111:2.5274279025616124] [-4.7871877587448202:2.6021869044998311] [0:1] [1:5] [-0.66590226208492909:0.38629983637469589] [-1.4974187926347127:0.54162964147350512] [-7.9982775184191315:2.7979011008731383] [0:1] [0:16] [0:1] [-20.5:20.5] [11.5:35.75]
tree_sizes=755 774 778 773 781 776 778 774 778 781 783 782 786 781 777 781 781 780 778 784 776 776 775 773 771 770 782 786 794 776 783 788 786 786 781 776 783 776 781 790 785 792 785 786 793 781 787 784 796 784 798 796 789 795 797 787 786 786 788 785 783 784 797 779 784 796 786 781 784 799 789 786 782 789 790

Tree=0
num_leaves=7
num_cat=0
split_feature=0 13 12 0 3 0
split_gain=1860.87 7.15423 2.98848 2.64018 2.5088 2.79496
threshold=-1.0637391996154875 24.625000000000004 4.7500000000000009 -1.5027146707635046 0.2112287222983982 -1.4169704155610818
decision_type=8 10 10 10 10 10
left_child=2 -2 3 -1 5 -5
right_child=1 -3 -4 4 -6 -7
leaf_value=-0.30333946311433613 -0.23093418721127293 -0.22766381734855917 -0.29276322647299274 -0.29191433155818514 -0.30245477952829147 -0.30033132080316732
leaf_weight=348 5334 2436 175 226 199 175
leaf_count=348 5334 2436 175 226 199 175
internal_value=-0.238604 -0.229909 -0.298767 -0.299875 -0.297865 -0.295588
internal_weight=8893 7770 1123 948 600 401
internal_count=8893 7770 1123 948 600 401
is_linear=0
shrinkage=1


Tree=1
num_leaves=7
num_cat=0
split_feature=0 13 12 0 6 3
split_gain=1679.44 6.4567 2.69711 2.38276 2.28526 2.26448
threshold=-1.0637391996154875 24.625000000000004 4.7500000000000009 -1.5027146707635046 -0.092666650733041658 0.21607548063030715
decision_type=8 10 10 10 2 10
left_child=2 4 3 -1 -2 -5
right_child=1 -3 -4 5 -6 -7
leaf_value=-0.061399333607191332 0.0063464694662483103 0.010492529707145686 -0.051351909460765982 -0.054051159146627781 0.0084163497098131042 -0.060592154651728986
leaf_weight=348 2656 2436 175 403 2678 197
leaf_count=348 2656 2436 175 403 2678 197
internal_value=9.92e-05 0.00835972 -0.0570551 -0.0581078 0.00738568 -0.0561988
internal_weight=8893 7770 1123 948 5334 600
internal_count=8893 7770 1123 948 5334 600
is_linear=0
shrinkage=0.05


Tree=2
num_leaves=7
num_cat=0
split_feature=0 13 13 0 2 6
split_gain=1515.69 6.0214 2.75209 2.39678 2.41878 2.03324
threshold=-1.0637391996154875 26.375000000000004 19.875000000000004 -1.5027146707635046 -1.2126430156639556 -0.036202343604351601
decision_type=8 10 8 10 10 2
left_child=3 2 -2 -1 -5 -4
right_child=1 -3 5 4 -6 -7
leaf_value=-0.057168152619357537 0.0055187208569609549 0.011046925178048415 0.0072619114128235299 -0.050469250247916819 -0.056876267115828272 0.0095221662073276588
leaf_weight=424 1600 1300 3476 488 211 1394
leaf_count=424 1600 1300 3476 488 211 1394
internal_value=9.424e-05 0.00794173 0.00731781 -0.0542023 -0.0524033 0.00790889
internal_weight=8893 7770 6470 1123 699 4870
internal_count=8893 7770 6470 1123 699 4870
is_linear=0
shrinkage=0.05


Tree=3
num_leaves=7
num_cat=0
split_feature=0 13 13 12 3 0
split_gain=1367.91 5.43431 2.48376 2.4366 2.01766 2.23094
threshold=-1.0637391996154875 26.375000000000004 19.875000000000004 4.7500000000000009 0.40330974111030943 -1.5027146707635046
decision_type=8 10 8 10 10 10
left_child=3 2 -2 4 5 -1
right_child=1 -3 -4 -5 -6 -7
leaf_value=-0.055097231687673554 0.0052427848351999278 0.01049457872292036 0.0075134472444131645 -0.046071456528135712 -0.05909977209510156 -0.049751744408018765
leaf_weight=306 1600 1300 4870 175 103 539
leaf_count=306 1600 1300 4870 175 103 539
internal_value=8.95279e-05 0.00754465 0.00695192 -0.0514922 -0.0524928 -0.0516875
internal_weight=8893 7770 6470 1123 948 845
internal_count=8893 7770 6470 1123 948 845
is_linear=0
shrinkage=0.05


Tree=4
num_leaves=7
num_cat=0
split_feature=0 12 6 12 0 9
split_gain=1234.54 3.66732 2.85265 2.19903 2.17367 1.89392
threshold=-1.0637391996154875 4.2500000000000009 -0.067545927979272793 4.7500000000000009 -0.13047706434035231 0.077697069842141905
decision_type=8 10 2 10 8 10
left_child=3 2 -2 -1 -4 -3
right_child=1 5 4 -5 -6 -7
leaf_value=-0.04986820502996539 0.0056429145595045492 0.0057270210608165121 0.0044452286701016424 -0.043767883163477697 0.0085545264730587378 0.0098224878780599403
leaf_weight=948 3501 345 384 175 1987 1553
leaf_count=948 3501 345 384 175 1987 1553
internal_value=8.50516e-05 0.00716741 0.00654984 -0.0489176 0.007889 0.00907805
internal_weight=8893 7770 5872 1123 2371 1898
internal_count=8893 7770 5872 1123 2371 1898
is_linear=0
shrinkage=0.05


Tree=5
num_leaves=7
num_cat=0
split_feature=1 13 1 12 6 13
split_gain=1103.98 5.11905 2.90097 1.97008 1.94165 1.84461
threshold=-1.0637391996154875 25.125000000000004 -1.5027146707635046 -3.2499999999999996 -0.097761598146231268 18.125000000000004
decision_type=2 10 2 10 2 8
left_child=2 5 3 -1 -3 -2
right_child=1 4 -4 -5 -6 -7
leaf_value=-0.054200120207055336 0.0035232762086282797 0.0069863502795464412 -0.044740894409062877 -0.047115899208080722 0.010048815883534805 0.0062827385044751704
leaf_weight=168 690 868 700 236 1282 4952
leaf_count=168 690 868 700 236 1282 4952
internal_value=0.000106376 0.00673639 -0.046688 -0.0500618 0.00881243 0.00594526
internal_weight=8896 7792 1104 404 2150 5642
internal_count=8896 7792 1104 404 2150 5642
is_linear=0
shrinkage=0.05


Tree=6
num_leaves=7
num_cat=0
split_feature=0 1 12 0 6 2
split_gain=996.346 3.41033 2.80804 2.61813 2.26243 1.99083
threshold=-1.0637391996154875 -0.10446559104439905 3.7500000000000004 -1.5027146707635046 -0.071665738098167189 0.14423579547075835
decision_type=8 2 8 10 2 10
left_child=3 -2 4 -1 -3 -6
right_child=1 2 -4 -5 5 -7
leaf_value=-0.047558722885338231 0.0044201555789853677 0.0052435980608587784 0.0085292761869358753 -0.042503849829912982 0.00704382742958221 0.0127142469501556
leaf_weight=404 1701 2443 1929 700 1547 172
leaf_count=404 1701 2443 1929 700 1547 172
internal_value=0.000101057 0.00639957 0.00695235 -0.0443536 0.00622147 0.0076112
internal_weight=8896 7792 6091 1104 4162 1719
internal_count=8896 7792 6091 1104 4162 1719
is_linear=0
shrinkage=0.05


Tree=7
num_leaves=7
num_cat=0
split_feature=0 13 0 12 6 13
split_gain=899.202 4.41385 2.36286 1.778 1.71694 1.63352
threshold=-1.0637391996154875 25.125000000000004 -1.5027146707635046 -3.2499999999999996 -0.097761598146231268 18.125000000000004
decision_type=8 10 10 10 2 8
left_child=2 5 3 -1 -3 -2
right_child=1 4 -4 -5 -6 -7
leaf_value=-0.04911217870456832 0.0030657801320220631 0.0062901751450834308 -0.040378657092207247 -0.042382168587518199 0.0091699801721345335 0.005662555328769474
leaf_weight=168 690 868 700 236 1282 4952
leaf_count=168 690 868 700 236 1282 4952
internal_value=9.60039e-05 0.00607959 -0.042136 -0.0451808 0.00800734 0.00534498
internal_weight=8896 7792 1104 404 2150 5642
internal_count=8896 7792 1104 404 2150 5642
is_linear=0
shrinkage=0.05


Tree=8
num_leaves=7
num_cat=0
split_feature=0 2 0 0 6 0
split_gain=811.53 3.11077 2.19536 2.13248 1.46269 1.36959
threshold=-1.0637391996154875 0.12214360427986908 -0.090055560669397947 -1.5027146707635046 -0.063535110922783453 -1.5573216370424963
decision_type=8 10 8 10 2 10
left_child=3 2 -2 5 -3 -1
right_child=1 4 -4 -5 -6 -7
leaf_value=-0.040766867593771461 0.0038230317521666234 0.0067668965699850606 0.0059053104026184277 -0.038359724243953161 0.010603560099359978 -0.046854777038878914
leaf_weight=261 1686 606 5079 700 421 143
leaf_count=261 1686 606 5079 700 421 143
internal_value=9.12038e-05 0.00577561 0.00538636 -0.0400292 0.00833967 -0.0429217
internal_weight=8896 7792 6765 1104 1027 404
internal_count=8896 7792 6765 1104 1027 404
is_linear=0
shrinkage=0.05


Tree=9
num_leaves=7
num_cat=0
split_feature=0 13 12 0 13 6
split_gain=732.406 3.92787 2.01644 1.58859 1.53346 1.51978
threshold=-1.0637391996154875 25.125000000000004 -3.2499999999999996 -1.5027146707635046 20.875000000000004 -0.097761598146231268
decision_type=8 10 10 10 8 2
left_child=2 4 3 -1 -2 -3
right_child=1 5 -4 -5 -6 -7
leaf_value=-0.044518573070637925 0.0038038353584364092 0.0056897902727101731 -0.036350022401595232 -0.038246631498076757 0.0054801857759875462 0.0083992104033935276
leaf_weight=168 2310 868 683 253 3332 1282
leaf_count=168 2310 868 683 253 3332 1282
internal_value=8.66436e-05 0.00548683 -0.0380277 -0.0407494 0.00479384 0.00730536
internal_weight=8896 7792 1104 421 5642 2150
internal_count=8896 7792 1104 421 5642 2150
is_linear=0
shrinkage=0.05


Tree=10
num_leaves=7
num_cat=0
split_feature=0 13 12 1 8 6
split_gain=682.908 4.23886 2.73083 1.88999 1.69862 1.80389
threshold=-1.0637391996154875 25.125000000000004 -3.2499999999999996 -0.11389930357504717 -0.68799612306425539 -0.097761598146231268
decision_type=8 10 8 2 2 2
left_child=2 3 -1 -2 -3 -6
right_child=1 4 -4 -5 5 -7
leaf_value=-0.039311996894826035 0.0028784236712510896 0.0032630477859530113 -0.034193780192234666 0.0051227723878826507 0.005865550859905224 0.0090068281016138681
leaf_weight=402 1183 236 741 4530 758 1151
leaf_count=402 1183 236 741 4530 758 1151
internal_value=0.000117025 0.00536961 -0.0359939 0.00465803 0.00726481 0.00775953
internal_weight=9001 7858 1143 5713 2145 1909
internal_count=9001 7858 1143 5713 2145 1909
is_linear=0
shrinkage=0.05


Tree=11
num_leaves=7
num_cat=0
split_feature=0 13 12 1 6 9
split_gain=616.324 3.82557 2.49305 1.70572 1.43825 1.51899
threshold=-1.0637391996154875 25.125000000000004 -1.7499999999999998 -0.11389930357504717 -0.097761598146231268 0.30296787133337533
decision_type=8 10 10 2 2 10
left_child=2 3 -1 -2 -3 -6
right_child=1 4 -4 -5 5 -7
leaf_value=-0.036474807053763603 0.0027345024731967402 0.0053402595087624193 -0.031803227715673239 0.0048666337692018433 0.005825232741453747 0.0093648921288069613
leaf_weight=585 1183 874 558 4530 499 772
leaf_count=585 1183 874 558 4530 499 772
internal_value=0.000111174 0.00510113 -0.0341942 0.00442513 0.00690157 0.00797521
internal_weight=9001 7858 1143 5713 2145 1271
internal_count=9001 7858 1143 5713 2145 1271
is_linear=0
shrinkage=0.05


Tree=12
num_leaves=7
num_cat=0
split_feature=0 0 12 6 2 2
split_gain=556.232 3.04355 2.28949 1.67909 1.65353 1.17764
threshold=-1.0637391996154875 -0.031784979775293147 -3.2499999999999996 -0.066773342514596462 -0.082356380136197865 0.14423579547075835
decision_type=8 8 8 2 10 10
left_child=2 4 -1 -3 -2 -5
right_child=1 3 -4 5 -6 -7
leaf_value=-0.03552265636975048 0.002680189945973925 0.0048625624477023491 -0.030836244370838924 0.0063283408450108191 0.0049461528156684335 0.010038609476593723
leaf_weight=402 1826 2664 741 1683 1440 245
leaf_count=402 1826 2664 741 1683 1440 245
internal_value=0.000105616 0.00484607 -0.0324845 0.00567594 0.00367927 0.00679982
internal_weight=9001 7858 1143 4592 3266 1928
internal_count=9001 7858 1143 4592 3266 1928
is_linear=0
shrinkage=0.05


Tree=13
num_leaves=7
num_cat=0
split_feature=0 1 6 12 12 3
split_gain=502 2.86061 2.52921 2.08967 1.76306 1.49735
threshold=-1.0637391996154875 -0.11389930357504717 -0.066773342514596462 -1.7499999999999998 4.2500000000000009 0.18597247308725998
decision_type=8 2 2 10 8 10
left_child=3 -2 4 -1 -3 -4
right_child=1 2 5 -5 -6 -7
leaf_value=-0.032948234330854802 0.0026675628918258732 0.003586493346453128 0.0058655451208854976 -0.028671254150279026 0.0060253553360945355 0.0097761845180040826
leaf_weight=585 1535 2738 2295 558 1016 274
leaf_count=585 1535 2738 2295 558 1016 274
internal_value=0.000100335 0.00460377 0.00507381 -0.0308603 0.00424656 0.00628264
internal_weight=9001 7858 6323 1143 3754 2569
internal_count=9001 7858 6323 1143 3754 2569
is_linear=0
shrinkage=0.05


Tree=14
num_leaves=7
num_cat=0
split_feature=0 13 0 6 0 13
split_gain=453.055 3.29315 1.92231 2.04917 1.71749 1.36956
threshold=-1.0637391996154875 26.125000000000004 -1.480209135482595 -0.15007073625544573 -0.031784979775293147 21.625000000000004
decision_type=8 10 10 2 8 8
left_child=2 4 3 -1 -2 -5
right_child=1 -3 -4 5 -6 -7
leaf_value=-0.035914577656786226 0.0029528574656543152 0.0064993252733553802 -0.027272124781514469 -0.032894549747395169 0.0046061507960759585 -0.026930288996651387
leaf_weight=173 2799 1479 573 164 3580 233
leaf_count=173 2799 1479 573 164 3580 233
internal_value=9.5318e-05 0.00437358 -0.0293172 -0.0313731 0.00388071 -0.0293941
internal_weight=9001 7858 1143 570 6379 397
internal_count=9001 7858 1143 570 6379 397
is_linear=0
shrinkage=0.05


Tree=15
num_leaves=7
num_cat=0
split_feature=0 13 12 1 3 7
split_gain=420.589 3.95103 1.78721 1.72905 2.07927 2.23472
threshold=-1.0637391996154875 24.375000000000004 -7.2499999999999991 -0.12251702181860158 0.30321883008131928 -0.17104402253589782
decision_type=8 8 10 2 10 2
left_child=2 -2 -1 -3 5 -5
right_child=1 3 -4 4 -6 -7
leaf_value=-0.032786861463521937 0.0032248636992809215 0.0026540220048627819 -0.027376454281882436 0.0051393432186033483 0.011951435651590533 0.0099438757869256666
leaf_weight=181 4931 440 974 2074 141 274
leaf_count=181 4931 440 974 2074 141 274
internal_value=-5.11086e-05 0.00408885 -0.0282243 0.00554337 0.00605415 0.00570001
internal_weight=9015 7860 1155 2929 2489 2348
internal_count=9015 7860 1155 2929 2489 2348
is_linear=0
shrinkage=0.05


Tree=16
num_leaves=7
num_cat=0
split_feature=1 13 13 13 13 2
split_gain=379.582 3.67955 2.07823 1.68809 1.59151 1.42727
threshold=-1.0637391996154875 26.875000000000004 20.875000000000004 21.375000000000004 26.625000000000004 -0.13900865963588663
decision_type=2 10 8 10 10 8
left_child=3 2 -2 -1 -5 -4
right_child=1 -3 5 4 -6 -7
leaf_value=-0.028940272384762617 0.0022203472892559644 0.0065354981014079938 0.002686116828584338 -0.023870963914527837 -0.03018070207124824 0.0046521841523366773
leaf_weight=516 2293 1122 1308 515 124 3137
leaf_count=516 2293 1122 1308 515 124 3137
internal_value=-4.85531e-05 0.00388441 0.00344295 -0.0268131 -0.0250954 0.00407364
internal_weight=9015 7860 6738 1155 639 4445
internal_count=9015 7860 6738 1155 639 4445
is_linear=0
shrinkage=0.05


Tree=17
num_leaves=7
num_cat=0
split_feature=2 3 13 12 2 7
split_gain=317.932 8.2096 3.43089 2.27348 1.23956 1.64527
threshold=-0.82871191402955435 -0.60238681365159519 24.375000000000004 -7.2499999999999991 0.19088583884755414 -0.17104402253589782
decision_type=8 10 8 10 10 2
left_child=1 -1 -2 -3 5 -4
right_child=2 3 4 -5 -6 -7
leaf_value=-0.011341690504316078 0.0028221267885172388 -0.030720097259701002 0.0041794348419561143 -0.024406882802696199 0.0080161812754998008 0.0080877560929115671
leaf_weight=115 4911 169 2299 913 303 305
leaf_count=115 4911 169 2299 913 303 305
internal_value=-4.61255e-05 -0.024043 0.00362799 -0.025393 0.0049894 0.00463721
internal_weight=9015 1197 7818 1082 2907 2604
internal_count=9015 1197 7818 1082 2907 2604
is_linear=0
shrinkage=0.05


Tree=18
num_leaves=7
num_cat=0
split_feature=0 13 13 13 13 2
split_gain=310.65 3.12896 1.78761 1.44016 1.44558 1.25281
threshold=-1.0637391996154875 26.875000000000004 20.875000000000004 21.375000000000004 26.625000000000004 -0.13900865963588663
decision_type=8 10 8 10 10 8
left_child=3 2 -2 -1 -5 -4
right_child=1 -3 5 4 -6 -7
leaf_value=-0.026221292985379303 0.0019731651852900873 0.0059588685376678469 0.0023920384910358292 -0.021503022867000607 -0.027516522109057875 0.0042340319556435973
leaf_weight=516 2293 1122 1308 515 124 3137
leaf_count=516 2293 1122 1308 515 124 3137
internal_value=-4.38192e-05 0.00351416 0.00310707 -0.0242565 -0.02267 0.003692
internal_weight=9015 7860 6738 1155 639 4445
internal_count=9015 7860 6738 1155 639 4445
is_linear=0
shrinkage=0.05


Tree=19
num_leaves=7
num_cat=0
split_feature=0 13 13 12 6 6
split_gain=280.362 2.84569 1.54852 1.31258 1.12545 1.12189
threshold=-1.0637391996154875 21.625000000000004 27.375000000000004 -7.2499999999999991 0.067789664902404775 -0.072954690191520552
decision_type=8 8 10 10 2 2
left_child=3 4 5 -1 -2 -3
right_child=1 2 -4 -5 -6 -7
leaf_value=-0.026953745125670715 0.0018746298345273589 0.0028823423552831167 0.0058969429057532281 -0.022317094649012822 0.0068215776526146027 0.0045514586851867506
leaf_weight=181 2744 2226 932 974 120 1838
leaf_count=181 2744 2226 932 974 120 1838
internal_value=-4.16282e-05 0.00333845 0.00405877 -0.0230437 0.0020819 0.00363722
internal_weight=9015 7860 4996 1155 2864 4064
internal_count=9015 7860 4996 1155 2864 4064
is_linear=0
shrinkage=0.05


Tree=20
num_leaves=7
num_cat=0
split_feature=1 13 1 6 2 1
split_gain=257.336 2.32104 2.19476 2.50489 1.53702 1.42568
threshold=-1.0637391996154875 20.875000000000004 -1.480209135482595 -0.11208074111566314 -1.4044162444532733 -0.11129047222777931
decision_type=2 8 2 2 10 2
left_child=2 -2 3 -1 -4 -3
right_child=1 5 4 -5 -6 -7
leaf_value=-0.028042322057626735 0.0018131947735694741 0.0020765734557100148 -0.017060370490487135 -0.021424948695624346 -0.022291980603377833 0.0041012617813759285
leaf_weight=256 2279 1079 252 324 317 4477
leaf_count=256 2279 1079 252 324 317 4477
internal_value=-8.37095e-05 0.00315689 -0.0221813 -0.0243457 -0.019975 0.00370806
internal_weight=8984 7835 1149 580 569 5556
internal_count=8984 7835 1149 580 569 5556
is_linear=0
shrinkage=0.05


Tree=21
num_leaves=7
num_cat=0
split_feature=0 13 0 6 0 2
split_gain=232.245 2.1351 1.98077 2.26066 1.54844 1.38716
threshold=-1.0637391996154875 27.375000000000004 -1.480209135482595 -0.11208074111566314 -0.1283134564453928 -1.4044162444532733
decision_type=8 10 10 2 8 10
left_child=2 4 3 -1 -2 -4
right_child=1 -3 5 -5 -6 -7
leaf_value=-0.026640206039155602 0.00097021661240366617 0.0052144458042129339 -0.016207351908364909 -0.020353701544625014 0.0030184083153778607 -0.021177381685162287
leaf_weight=256 1098 955 252 324 5782 317
leaf_count=256 1098 955 252 324 5782 317
internal_value=-7.95241e-05 0.00299905 -0.0210722 -0.0231284 0.00269153 -0.0189762
internal_weight=8984 7835 1149 580 6880 569
internal_count=8984 7835 1149 580 6880 569
is_linear=0
shrinkage=0.05


Tree=22
num_leaves=7
num_cat=0
split_feature=1 13 1 6 12 6
split_gain=209.601 2.03945 1.78765 2.04025 1.3684 1.30868
threshold=-1.0637391996154875 20.875000000000004 -1.480209135482595 -0.11208074111566314 -2.2499999999999996 -0.072954690191520552
decision_type=2 8 2 2 8 2
left_child=2 -2 3 4 -1 -3
right_child=1 5 -4 -5 -6 -7
leaf_value=-0.028935331561017869 0.0015895440915394935 0.0026543466639211929 -0.018027431560135733 -0.01933601641151508 -0.021623939504172272 0.0041934949242921141
leaf_weight=129 2279 2988 569 324 127 2568
leaf_count=129 2279 2988 569 324 127 2568
internal_value=-7.55479e-05 0.00284909 -0.0200186 -0.021972 -0.0253082 0.00336575
internal_weight=8984 7835 1149 580 256 5556
internal_count=8984 7835 1149 580 256 5556
is_linear=0
shrinkage=0.05


Tree=23
num_leaves=7
num_cat=0
split_feature=0 13 0 2 0 7
split_gain=189.165 1.86891 1.61335 2.02171 1.39235 1.29735
threshold=-1.0637391996154875 27.375000000000004 -1.480209135482595 -1.5866409183045282 -0.1283134564453928 -0.37266064056213621
decision_type=8 10 10 8 8 2
left_child=2 4 3 -1 -2 -5
right_child=1 -3 -4 5 -6 -7
leaf_value=-0.0248212113016332 0.00078667786341137858 0.0047793444273908046 -0.017126059999443125 -0.020468657265098961 0.0027288957295324521 -0.013829316305559093
leaf_weight=208 1098 955 569 271 5782 101
leaf_count=208 1098 955 569 271 5782 101
internal_value=-7.17705e-05 0.00270664 -0.0190177 -0.0208734 0.00241893 -0.018666
internal_weight=8984 7835 1149 580 6880 372
internal_count=8984 7835 1149 580 6880 372
is_linear=0
shrinkage=0.05


Tree=24
num_leaves=7
num_cat=0
split_feature=1 13 1 6 2 8
split_gain=170.722 1.79204 1.45605 1.8287 1.25191 1.33965
threshold=-1.0637391996154875 20.875000000000004 -1.480209135482595 -0.11208074111566314 -1.4044162444532733 -0.30335046130137638
decision_type=2 8 2 2 10 2
left_child=2 -2 3 -1 -4 -6
right_child=1 -3 4 -5 5 -7
leaf_value=-0.022988229422389851 0.0013906240400740151 0.0030556089143172266 -0.01363930969724491 -0.017334146230011054 -0.023148962765466422 -0.016154328701279475
leaf_weight=256 2279 5556 252 324 100 217
leaf_count=256 2279 5556 252 324 100 217
internal_value=-6.81819e-05 0.00257131 -0.0180668 -0.0198297 -0.0162698 -0.0183608
internal_weight=8984 7835 1149 580 569 317
internal_count=8984 7835 1149 580 569 317
is_linear=0
shrinkage=0.05


Tree=25
num_leaves=7
num_cat=0
split_feature=0 13 0 2 2 13
split_gain=139.6 1.94168 1.59301 1.21053 1.17176 1.2935
threshold=-1.0637391996154875 23.375000000000004 -1.5027146707635046 0.12214360427986908 -1.2882467938199622 22.125000000000004
decision_type=8 10 10 10 10 10
left_child=2 -2 -1 -3 -4 -6
right_child=1 3 4 -5 5 -7
leaf_value=-0.018846806087346193 0.001744343936771371 0.0029167395244379529 -0.013302583688099029 0.005443588982004019 -0.020649452736107448 -0.01370616858409046
leaf_weight=428 4358 2889 418 567 149 122
leaf_count=428 4358 2889 418 567 149 122
internal_value=8.27446e-05 0.00244623 -0.0164511 0.0033313 -0.0149628 -0.0175237
internal_weight=8931 7814 1117 3456 689 271
internal_count=8931 7814 1117 3456 689 271
is_linear=0
shrinkage=0.05


Tree=26
num_leaves=7
num_cat=0
split_feature=0 13 0 2 8 6
split_gain=125.989 1.75237 1.43769 1.0925 1.05953 1.03839
threshold=-1.0637391996154875 23.375000000000004 -1.5027146707635046 0.12214360427986908 -0.39674607682108115 -0.081078924729477767
decision_type=8 10 10 10 2 2
left_child=2 5 -1 -3 -4 -2
right_child=1 3 4 -5 -6 -7
leaf_value=-0.017904466055335144 0.00098235226714508614 0.0027709025320251739 -0.017462979309873294 0.0051714095587199931 -0.013031173775757496 0.0025399090580936761
leaf_weight=428 2470 2889 184 567 505 1888
leaf_count=428 2470 2889 184 567 505 1888
internal_value=7.86074e-05 0.00232392 -0.0156285 0.00316474 -0.0142147 0.00165713
internal_weight=8931 7814 1117 3456 689 4358
internal_count=8931 7814 1117 3456 689 4358
is_linear=0
shrinkage=0.05


Tree=27
num_leaves=7
num_cat=0
split_feature=0 13 0 8 12 0
split_gain=113.705 1.58793 1.29752 1.18593 1.20607 1.14809
threshold=-1.0637391996154875 23.375000000000004 -1.5027146707635046 -0.38583565825255944 -10.249999999999998 -0.069084878333439764
decision_type=8 8 10 2 10 8
left_child=2 3 -1 -2 -5 -6
right_child=1 -3 -4 4 5 -7
leaf_value=-0.017009242474880486 0.00014648358286736533 0.0029522093070501899 -0.013503968682407412 -0.0017682938964390848 0.00086083334722625001 0.0030338830338704032
leaf_weight=428 1128 3737 689 193 905 1851
leaf_count=428 1128 3737 689 193 905 1851
internal_value=7.4677e-05 0.00220772 -0.0148471 0.00152532 0.00205273 0.00232031
internal_weight=8931 7814 1117 4077 2949 2756
internal_count=8931 7814 1117 4077 2949 2756
is_linear=0
shrinkage=0.05


Tree=28
num_leaves=7
num_cat=0
split_feature=0 6 2 1 12 8
split_gain=102.619 1.49102 1.56508 1.49479 1.32148 1.20641
threshold=-1.0637391996154875 -0.072954690191520552 -0.066814254281735416 -0.037490956257576181 -9.7499999999999982 -0.13199327371706662
decision_type=8 2 10 2 8 2
left_child=-1 2 3 -2 -3 -6
right_child=1 4 -4 -5 5 -7
leaf_value=-0.014104727548400137 -0.00036534185394327735 -0.0014186003997319323 0.002544364135125645 0.0021608981884335384 0.0020690863651689527 0.0039989599873018946
leaf_weight=1117 1466 170 1947 975 1511 1745
leaf_count=1117 1466 170 1947 975 1511 1745
internal_value=7.09432e-05 0.00209733 0.00148705 0.000643705 0.00287899 0.00310337
internal_weight=8931 7814 4388 2441 3426 3256
internal_count=8931 7814 4388 2441 3426 3256
is_linear=0
shrinkage=0.05


Tree=29
num_leaves=7
num_cat=0
split_feature=1 13 1 2 12 6
split_gain=92.6135 1.38267 1.17101 1.0592 1.18985 1.00345
threshold=-1.0637391996154875 23.375000000000004 -1.5027146707635046 -1.2882467938199622 -2.2499999999999996 -0.26684376691467909
decision_type=2 10 2 10 10 2
left_child=2 -2 -1 -4 -5 -3
right_child=1 5 3 4 -6 -7
leaf_value=-0.015453544010165602 0.0014001768361933673 -0.0015529731336762446 -0.010545027332524402 -0.017716066702596948 -0.011082262904049338 0.0029084554230684899
leaf_weight=428 4358 131 418 142 129 3325
leaf_count=428 4358 131 418 142 129 3325
internal_value=6.7396e-05 0.00199247 -0.0133995 -0.0121235 -0.0145583 0.00273934
internal_weight=8931 7814 1117 689 271 3456
internal_count=8931 7814 1117 689 271 3456
is_linear=0
shrinkage=0.05


Tree=30
num_leaves=7
num_cat=0
split_feature=0 0 7 7 3 6
split_gain=81.8892 1.40663 1.39899 1.10666 1.082 1.17973
threshold=-1.0637391996154875 -0.13150112080933016 -0.35308370266028732 -0.23086388150827805 -0.029932406457075154 -0.1026870297018161
decision_type=8 8 2 2 8 2
left_child=3 4 -3 -1 5 -2
right_child=1 2 -4 -5 -6 -7
leaf_value=-0.013111742572473807 -0.0066428215093091479 0.0016743721368216041 0.0033375442315491059 -0.0078748159642730436 0.0010017501162685977 0.00033433219330196364
leaf_weight=1016 108 4977 1695 112 926 138
leaf_count=1016 108 4977 1695 112 926 138
internal_value=4.82741e-06 0.00181627 0.0020969 -0.0125918 0.000218715 -0.00272881
internal_weight=8972 7844 6672 1128 1172 246
internal_count=8972 7844 6672 1128 1172 246
is_linear=0
shrinkage=0.05


Tree=31
num_leaves=7
num_cat=0
split_feature=0 13 2 0 7 12
split_gain=73.905 1.83689 1.15156 1.45842 0.998764 0.979978
threshold=-1.0637391996154875 19.875000000000004 -0.14266627610051549 -0.046199390609592314 -0.23086388150827805 5.2500000000000009
decision_type=8 8 10 8 2 8
left_child=4 -2 3 -3 5 -1
right_child=1 2 -4 -5 -6 -7
leaf_value=-0.013164512751076935 0.00020737675064544638 -0.00030157512995334371 0.0026336326430446053 0.0022522440899775706 -0.0074810750083997846 -0.0090519921047879127
leaf_weight=841 1589 932 3926 1397 112 175
leaf_count=841 1589 932 3926 1397 112 175
internal_value=4.58606e-06 0.00172546 0.0021111 0.00123028 -0.0119622 -0.0124562
internal_weight=8972 7844 6255 2329 1128 1016
internal_count=8972 7844 6255 2329 1128 1016
is_linear=0
shrinkage=0.05


Tree=32
num_leaves=7
num_cat=0
split_feature=0 0 7 3 6 7
split_gain=66.6993 1.21981 1.25644 0.932859 1.0663 0.911012
threshold=-1.0637391996154875 -0.13150112080933016 -0.35308370266028732 -0.029932406457075154 -0.1026870297018161 -0.36852571597169964
decision_type=8 8 2 8 2 2
left_child=5 3 -3 4 -2 -1
right_child=1 2 -4 -5 -6 -7
leaf_value=-0.012132030444763848 -0.0063064405203072564 0.0015000917679780337 0.0030762493823098674 0.00087856908755912623 0.00032679345273156315 -0.0087349214053806367
leaf_weight=873 108 4977 1695 926 138 255
leaf_count=873 108 4977 1695 926 138 255
internal_value=4.35675e-06 0.00163918 0.00190051 0.000151499 -0.00258536 -0.0113641
internal_weight=8972 7844 6672 1172 246 1128
internal_count=8972 7844 6672 1172 246 1128
is_linear=0
shrinkage=0.05


Tree=33
num_leaves=7
num_cat=0
split_feature=1 13 10 1 2 6
split_gain=60.1961 1.63213 1.0573 1.08818 1.02262 0.886754
threshold=-1.0637391996154875 19.875000000000004 12.500000000000002 -0.17418191228070198 -0.13900865963588663 -0.06115702145643527
decision_type=2 8 2 2 10 2
left_child=5 2 3 -2 -3 -1
right_child=1 4 -4 -5 -6 -7
leaf_value=-0.011839049584246704 -0.0036940500291430542 0.0011055410946329771 -0.002071703851642888 0.0013859219185514988 0.0024221146638639299 -0.0089119010204305946
leaf_weight=726 117 2382 407 1065 3873 402
leaf_count=726 117 2382 407 1065 3873 402
internal_value=4.13891e-06 0.00155722 0.000126255 0.000883082 0.00192074 -0.0107959
internal_weight=8972 7844 1589 1182 6255 1128
internal_count=8972 7844 1589 1182 6255 1128
is_linear=0
shrinkage=0.05


Tree=34
num_leaves=7
num_cat=0
split_feature=0 13 13 7 3 13
split_gain=54.327 1.473 0.9345 0.84064 0.835562 0.795512
threshold=-1.0637391996154875 19.875000000000004 27.375000000000004 -0.23086388150827805 0.1708344856484193 24.125000000000004
decision_type=8 8 10 2 10 8
left_child=3 4 -3 5 -2 -1
right_child=1 2 -4 -5 -6 -7
leaf_value=-0.011632058219513087 0.00054877068255734774 0.0015686572799428053 0.0032834166362855489 -0.0061449676246931109 -0.0029456296443748173 -0.0085880320672523727
leaf_weight=708 1394 5321 934 112 195 308
leaf_count=708 1394 5321 934 112 195 308
internal_value=3.93197e-06 0.00147936 0.00182471 -0.0102561 0.000119942 -0.0107093
internal_weight=8972 7844 6255 1128 1589 1016
internal_count=8972 7844 6255 1128 1589 1016
is_linear=0
shrinkage=0.05


Tree=35
num_leaves=7
num_cat=0
split_feature=0 13 0 7 7 0
split_gain=55.3559 1.02093 1.2303 1.21978 1.0969 0.982587
threshold=-1.0637391996154875 22.875000000000004 -1.529636910283841 -0.58516026417951494 -0.39570047269751446 -0.07015379371032518
decision_type=8 8 10 2 2 8
left_child=1 2 -1 -4 -5 -2
right_child=5 -3 3 4 -6 -7
leaf_value=-0.015078862119972817 0.00062955555733852859 -0.0086484510088582853 -0.0071405905611951516 -0.015349774017176344 -0.0088420728531976543 0.0018519166781553718
leaf_weight=187 2347 498 185 145 117 5489
leaf_count=187 2347 498 185 145 117 5489
internal_value=-7.26888e-06 -0.0103427 -0.0116735 -0.0102489 -0.0124437 0.0014858
internal_weight=8968 1132 634 447 262 7836
internal_count=8968 1132 634 447 262 7836
is_linear=0
shrinkage=0.05


Tree=36
num_leaves=7
num_cat=0
split_feature=0 6 11 0 0 8
split_gain=49.9587 1.13741 0.995041 1.22572 1.86166 1.05287
threshold=-1.0637391996154875 -0.099123023618672174 1.0000000180025095e-35 -1.5027146707635046 -1.5703513134882539 -0.42365175748645884
decision_type=8 2 2 10 10 2
left_child=2 -2 3 4 -1 -5
right_child=1 -3 -4 5 -6 -7
leaf_value=-0.0087926935530947912 0.00075856958657844484 0.001967274857031544 -0.0064497690275057019 -0.013210031290461 -0.015923714863796099 -0.0079498740513665716
leaf_weight=166 3603 4233 183 120 204 459
leaf_count=166 3603 4233 183 120 204 459
internal_value=-6.90544e-06 0.00141151 -0.00982556 -0.0104765 -0.0127244 -0.00904006
internal_weight=8968 7836 1132 949 370 579
internal_count=8968 7836 1132 949 370 579
is_linear=0
shrinkage=0.05


Tree=37
num_leaves=7
num_cat=0
split_feature=1 13 1 7 7 13
split_gain=45.0877 0.914804 1.05945 1.09896 1.0002 0.839252
threshold=-1.0637391996154875 22.875000000000004 -1.529636910283841 -0.58516026417951494 -0.39570047269751446 27.375000000000004
decision_type=2 8 2 2 2 10
left_child=1 2 -1 -4 -5 -2
right_child=5 -3 3 4 -6 -7
leaf_value=-0.013754103123148119 0.0011533719784865462 -0.0077305123784257206 -0.0063216775130933607 -0.014130316162963622 -0.0079160985615478567 0.0027684794574576034
leaf_weight=187 6926 498 185 145 117 910
leaf_count=187 6926 498 185 145 117 910
internal_value=-6.56016e-06 -0.00933428 -0.010594 -0.00927201 -0.0113553 0.00134094
internal_weight=8968 1132 634 447 262 7836
internal_count=8968 1132 634 447 262 7836
is_linear=0
shrinkage=0.05


Tree=38
num_leaves=7
num_cat=0
split_feature=1 6 10 1 1 8
split_gain=40.6917 1.02041 0.904896 1.04684 1.69009 0.94755
threshold=-1.0637391996154875 -0.099123023618672174 2.5000000000000004 -1.5027146707635046 -1.5703513134882539 -0.42365175748645884
decision_type=2 2 2 2 2 2
left_child=2 -2 -1 4 -4 -5
right_child=1 -3 3 5 -6 -7
leaf_value=-0.005648320839555296 0.00065544162666670647 0.0018002919727161894 -0.0078195722078335059 -0.012116753580630758 -0.014614058148617916 -0.0071266057752585148
leaf_weight=183 3603 4233 166 120 204 459
leaf_count=183 3603 4233 166 120 204 459
internal_value=-6.23215e-06 0.00127389 -0.00886756 -0.00948834 -0.0115657 -0.00816083
internal_weight=8968 7836 1132 949 370 579
internal_count=8968 7836 1132 949 370 579
is_linear=0
shrinkage=0.05


Tree=39
num_leaves=7
num_cat=0
split_feature=0 8 0 9 12 12
split_gain=36.7242 1.00879 0.901532 0.845508 0.823341 0.791509
threshold=-1.0637391996154875 -0.73009702733583226 -0.07015379371032518 0.86943339945161713 4.7500000000000009 5.2500000000000009
decision_type=8 2 8 10 10 10
left_child=4 5 -3 -4 -1 -2
right_child=1 2 3 -5 -6 -7
leaf_value=-0.0090259541903540564 0.000391482626558253 0.00054100129513299968 0.0016769118430686764 0.0060154607557975082 -0.0054025383446330922 -0.0033050300295574854
leaf_weight=944 654 2103 4778 115 188 186
leaf_count=944 654 2103 4778 115 188 186
internal_value=-5.92054e-06 0.00121019 0.00140677 0.00177888 -0.00842419 -0.000427031
internal_weight=8968 7836 6996 4893 1132 840
internal_count=8968 7836 6996 4893 1132 840
is_linear=0
shrinkage=0.05


Tree=40
num_leaves=7
num_cat=0
split_feature=0 0 13 7 13 5
split_gain=37.1775 1.01641 0.740334 0.783626 0.797732 0.710765
threshold=-1.0637391996154875 -0.01852629279686897 24.625000000000004 -0.32841810759824325 26.875000000000004 1.5000000000000002
decision_type=8 8 8 2 8 2
left_child=-1 -2 5 -4 -5 -3
right_child=1 2 3 4 -6 -7
leaf_value=-0.008614928200302685 0.00053454717919744434 0.0026521169288881699 0.0018249636168265069 0.001903763231332882 0.0061314625520312773 0.00067632264441825241
leaf_weight=1116 3688 595 1170 199 254 1937
leaf_count=1116 3688 595 1170 199 254 1937
internal_value=-7.62759e-05 0.00113871 0.00167497 0.00250859 0.00427426 0.00114062
internal_weight=8959 7843 4155 1623 453 2532
internal_count=8959 7843 4155 1623 453 2532
is_linear=0
shrinkage=0.05


Tree=41
num_leaves=7
num_cat=0
split_feature=0 13 10 0 2 6
split_gain=33.5527 0.953867 0.89971 0.704831 0.754159 0.67971
threshold=-1.0637391996154875 19.875000000000004 10.500000000000002 -0.01852629279686897 -0.31904937049097937 -0.26684376691467909
decision_type=8 8 2 8 8 2
left_child=-1 2 -2 4 -3 -6
right_child=1 3 -4 -5 5 -7
leaf_value=-0.0081841818286180253 0.0009358985665119283 -0.0019069703159766507 -0.0015128937486467387 0.0018400389205384003 -0.0025007737707346679 0.0012089189087745767
leaf_weight=1116 964 240 614 3434 130 2461
leaf_count=1116 964 240 614 3434 130 2461
internal_value=-7.24621e-05 0.00108177 -1.69268e-05 0.00135851 0.000774418 0.00102279
internal_weight=8959 7843 1578 6265 2831 2591
internal_count=8959 7843 1578 6265 2831 2591
is_linear=0
shrinkage=0.05


Tree=42
num_leaves=7
num_cat=0
split_feature=0 13 10 7 7 3
split_gain=30.2813 0.860865 0.811988 0.655369 2.72994 1.2314
threshold=-1.0637391996154875 19.875000000000004 10.500000000000002 -0.50812536848908418 -0.58981383405897103 0.064009603715209376
decision_type=8 8 2 2 2 10
left_child=3 2 -2 4 -1 -5
right_child=1 -3 -4 5 -6 -7
leaf_value=-0.0067172714590815474 0.00088910365423042225 0.0012905851777721055 -0.0014372491109411875 -0.0088867513981347249 -0.014026973072377689 -0.003928804340408063
leaf_weight=434 964 6265 614 253 181 248
leaf_count=434 964 6265 614 253 181 248
internal_value=-6.8839e-05 0.00102769 -1.60805e-05 -0.00777497 -0.00886858 -0.00643252
internal_weight=8959 7843 1578 1116 615 501
internal_count=8959 7843 1578 1116 615 501
is_linear=0
shrinkage=0.05


Tree=43
num_leaves=7
num_cat=0
split_feature=0 0 13 7 7 2
split_gain=27.3289 0.838896 0.67366 0.591471 2.46377 1.14319
threshold=-1.0637391996154875 -0.01852629279686897 28.875000000000004 -0.50812536848908418 -0.58981383405897103 -1.5866409183045282
decision_type=8 8 10 2 2 10
left_child=3 -2 -3 4 -1 -5
right_child=1 2 -4 5 -6 -7
leaf_value=-0.0063814079092237731 0.00042742726885755354 0.0012900641054284607 0.0038007469808858034 -0.0095346475159181522 -0.013325624454004989 -0.004444732431713381
leaf_weight=434 3688 3868 287 164 181 337
leaf_count=434 3688 3868 287 164 181 337
internal_value=-6.5397e-05 0.000976302 0.00146349 -0.00738622 -0.00842515 -0.00611089
internal_weight=8959 7843 4155 1116 615 501
internal_count=8959 7843 4155 1116 615 501
is_linear=0
shrinkage=0.05


Tree=44
num_leaves=7
num_cat=0
split_feature=0 12 0 3 1 13
split_gain=24.6643 0.792664 0.718043 0.647136 0.928533 0.662025
threshold=-1.0637391996154875 -10.749999999999998 -0.01852629279686897 0.18597247308725998 -0.060644894338962731 27.375000000000004
decision_type=8 8 8 10 2 10
left_child=-1 -2 -3 5 -5 -4
right_child=1 2 3 4 -6 -7
leaf_value=-0.0070169128820769108 -0.0021878672930723216 0.0004913180628999019 0.00097154311040917513 -0.0002931849516104334 0.0047293352816874783 0.0029310263758641668
leaf_weight=1116 199 3573 3126 130 315 500
leaf_count=1116 199 3573 3126 130 315 500
internal_value=-6.21272e-05 0.000927487 0.00100859 0.00146258 0.00326208 0.00124174
internal_weight=8959 7843 7644 4071 445 3626
internal_count=8959 7843 7644 4071 445 3626
is_linear=0
shrinkage=0.05


Tree=45
num_leaves=7
num_cat=0
split_feature=0 12 3 3 3 8
split_gain=19.021 1.05991 0.951825 1.50178 1.07267 1.02684
threshold=-1.0637391996154875 -10.749999999999998 -0.084559679903829663 0.1708344856484193 0.065714309158584477 -0.12913714565328907
decision_type=8 8 8 10 8 2
left_child=2 -2 -1 4 5 -4
right_child=1 -3 3 -5 -6 -7
leaf_value=-0.0081330729323109037 -0.0025587526761630579 0.0009854783247392777 -0.0017352910321296274 -0.0072037050299161133 0.00012746090651489795 -0.008848265678388997
leaf_weight=368 217 7556 103 392 172 100
leaf_count=368 217 7556 103 392 172 100
internal_value=3.65552e-06 0.000886533 -0.0060427 -0.00503975 -0.0027777 -0.00523922
internal_weight=8908 7773 1135 767 375 203
internal_count=8908 7773 1135 767 375 203
is_linear=0
shrinkage=0.05


Tree=46
num_leaves=7
num_cat=0
split_feature=0 12 3 3 3 8
split_gain=17.1665 0.956564 0.859022 1.35535 0.968081 0.926725
threshold=-1.0637391996154875 -10.749999999999998 -0.084559679903829663 0.1708344856484193 0.065714309158584477 -0.12913714565328907
decision_type=8 8 8 10 8 2
left_child=2 -2 -1 4 5 -4
right_child=1 -3 3 -5 -6 -7
leaf_value=-0.0077264192195244793 -0.0024308150581058442 0.000936204425895147 -0.0016485264979176296 -0.0068435197903718679 0.00012108787466490337 -0.0084058525478467351
leaf_weight=368 217 7556 103 392 172 100
leaf_count=368 217 7556 103 392 172 100
internal_value=3.47276e-06 0.000842207 -0.00574056 -0.00478777 -0.00263882 -0.00497726
internal_weight=8908 7773 1135 767 375 203
internal_count=8908 7773 1135 767 375 203
is_linear=0
shrinkage=0.05


Tree=47
num_leaves=7
num_cat=0
split_feature=0 12 8 8 10 7
split_gain=15.4928 0.863299 0.811467 1.08174 1.30033 1.22678
threshold=-1.0637391996154875 -10.749999999999998 0.25447166569734964 -0.18132820474380021 9.5000000000000018 -0.61322321286387471
decision_type=8 8 2 2 2 2
left_child=2 -2 3 4 5 -1
right_child=1 -3 -4 -5 -6 -7
leaf_value=0.0017285527358547337 -0.0023092743579066501 0.00088939419855196009 -0.0025974749816882921 -0.0079190235631675775 -0.0079618841516838242 -0.0047930345258301059
leaf_weight=108 217 7556 204 430 176 217
leaf_count=108 217 7556 204 430 176 217
internal_value=3.29912e-06 0.000800096 -0.00545353 -0.00607935 -0.00450039 -0.00262586
internal_weight=8908 7773 1135 931 501 325
internal_count=8908 7773 1135 931 501 325
is_linear=0
shrinkage=0.05


Tree=48
num_leaves=7
num_cat=0
split_feature=1 7 2 6 3 13
split_gain=13.9822 0.782064 0.968395 0.903026 0.934635 0.828851
threshold=-1.0637391996154875 -0.50812536848908418 0.18362661598645877 -0.15565597841434178 0.19390860559341005 17.875000000000004
decision_type=2 2 10 2 8 8
left_child=-1 2 3 4 -2 -5
right_child=1 -3 -4 5 -6 -7
leaf_value=-0.0051808576726358252 -0.0005961660257742036 0.0012790214326437695 0.0028001607391514929 -0.0024072434287184504 -0.0048976832750406473 0.00081430525480990351
leaf_weight=1135 935 3754 347 218 146 2373
leaf_count=1135 935 3754 347 218 146 2373
internal_value=3.13416e-06 0.000760092 0.000275378 3.67893e-05 -0.00117713 0.000543253
internal_weight=8908 7773 4019 3672 1081 2591
internal_count=8908 7773 4019 3672 1081 2591
is_linear=0
shrinkage=0.05


Tree=49
num_leaves=7
num_cat=0
split_feature=0 12 8 7 7 10
split_gain=12.6189 0.749999 0.732349 1.02579 2.24534 2.38724
threshold=-1.0637391996154875 -10.749999999999998 0.25447166569734964 -0.50812536848908418 -0.58981383405897103 9.5000000000000018
decision_type=8 8 2 2 2 2
left_child=2 -2 3 4 5 -1
right_child=1 -3 -4 -5 -6 -7
leaf_value=-0.0013380272157260734 -0.0021760721143478877 0.00080531902155094818 -0.0022085583668633585 -0.0036124662470665594 -0.011910079306471744 -0.0094656071470183914
leaf_weight=211 217 7556 204 402 160 158
leaf_count=211 217 7556 204 402 160 158
internal_value=2.97746e-06 0.000722087 -0.00492181 -0.00551634 -0.00696314 -0.00481813
internal_weight=8908 7773 1135 931 529 369
internal_count=8908 7773 1135 931 529 369
is_linear=0
shrinkage=0.05


Tree=50
num_leaves=7
num_cat=0
split_feature=2 12 13 6 8 2
split_gain=11.051 0.953449 0.938949 0.830896 0.818823 0.757198
threshold=-0.72580588693063319 3.7500000000000004 25.625000000000004 0.045139016255521754 -0.49885818200466492 -0.092301538330266095
decision_type=8 10 10 2 2 10
left_child=1 -1 3 5 -4 -2
right_child=2 -3 4 -5 -6 -7
leaf_value=-0.0052995418713783207 -0.00046189408483280828 -0.0019131825966375385 -0.0006927933611723348 0.0022881075577064858 0.002107873665330958 0.00071172431170241123
leaf_weight=951 2881 266 320 470 1415 2628
leaf_count=951 2881 266 320 470 1415 2628
internal_value=-0.000131309 -0.00455938 0.000567287 0.00027013 0.00159132 9.7966e-05
internal_weight=8931 1217 7714 5979 1735 5509
internal_count=8931 1217 7714 5979 1735 5509
is_linear=0
shrinkage=0.05


Tree=51
num_leaves=7
num_cat=0
split_feature=1 0 13 7 9 3
split_gain=11.718 0.960191 0.955549 0.916168 0.836683 0.965281
threshold=-0.34200506038677636 -0.036075169994068006 22.875000000000004 -0.53465221067215862 0.055575953729559938 0.40330974111030943
decision_type=2 8 10 2 8 10
left_child=2 -2 -1 -4 -3 -6
right_child=1 4 3 -5 5 -7
leaf_value=-0.0057210212524655118 -8.4023404240523696e-05 -0.0033514362169496182 -0.0052043267773361724 -0.00095768494915748979 0.0010385650334273158 0.0054264566731141058
leaf_weight=752 3019 105 236 275 4415 129
leaf_count=752 3019 105 236 275 4415 129
internal_value=-0.000124743 0.000610291 -0.00458733 -0.00291895 0.00106117 0.00116313
internal_weight=8931 7668 1263 511 4649 4544
internal_count=8931 7668 1263 511 4649 4544
is_linear=0
shrinkage=0.05


Tree=52
num_leaves=7
num_cat=0
split_feature=1 12 12 6 0 12
split_gain=10.5755 1.03177 1.22595 0.913716 1.38395 1.11438
threshold=-0.34200506038677636 -3.2499999999999996 -4.7499999999999991 -0.086602725329192345 -0.1283134564453928 13.750000000000002
decision_type=2 8 10 2 8 8
left_child=1 2 -1 -2 -5 -6
right_child=3 -3 -4 4 5 -7
leaf_value=-0.0046994409435369248 4.1749391228500357e-05 -0.0032873918103001353 -0.010575942532063178 -0.0012278467209200575 0.0017258271238460435 -0.0026730565522297823
leaf_weight=333 3889 809 121 533 3095 151
leaf_count=333 3889 809 121 533 3095 151
internal_value=-0.000118506 -0.00435796 -0.00626565 0.000579776 0.00113346 0.0015212
internal_weight=8931 1263 454 7668 3779 3246
internal_count=8931 1263 454 7668 3779 3246
is_linear=0
shrinkage=0.05


Tree=53
num_leaves=7
num_cat=0
split_feature=1 12 12 9 6 1
split_gain=9.54439 0.931175 1.10642 0.893107 0.86088 1.10791
threshold=-0.34200506038677636 -3.2499999999999996 -4.7499999999999991 0.090067317625606491 -0.086602725329192345 -0.12983667397928386
decision_type=2 8 10 8 2 2
left_child=1 2 -1 -2 -5 -6
right_child=3 -3 -4 4 5 -7
leaf_value=-0.0044644688461821912 -0.0021956819207984506 -0.0031230221805860648 -0.010047145490053548 0.00012365144537527208 -0.00090509417796808586 0.0015639282372250556
leaf_weight=333 285 809 121 3738 532 3113
leaf_count=333 285 809 121 3738 532 3113
internal_value=-0.000112581 -0.00414006 -0.00595236 0.000550787 0.000656807 0.00120357
internal_weight=8931 1263 454 7668 7383 3645
internal_count=8931 1263 454 7668 7383 3645
is_linear=0
shrinkage=0.05


Tree=54
num_leaves=7
num_cat=0
split_feature=1 13 9 8 13 3
split_gain=8.61381 0.83518 0.806029 0.967462 0.990038 0.947031
threshold=-0.34200506038677636 17.875000000000004 0.090067317625606491 -0.68799612306425539 25.625000000000004 -0.31938189603034578
decision_type=2 8 8 2 10 8
left_child=1 -1 -2 -4 -5 -6
right_child=2 -3 3 4 5 -7
leaf_value=-0.0075600397452738489 -0.0020858977956946518 -0.003477261326186898 -0.00092695074185770467 0.00049855425598718632 0.0066166780144889283 0.0016249551866720205
leaf_weight=141 285 1122 885 5008 102 1388
leaf_count=141 285 1122 885 5008 102 1388
internal_value=-0.000106952 -0.00393306 0.000523248 0.000623967 0.000835195 0.00196667
internal_weight=8931 1263 7668 7383 6498 1490
internal_count=8931 1263 7668 7383 6498 1490
is_linear=0
shrinkage=0.05


Tree=55
num_leaves=7
num_cat=0
split_feature=0 12 0 10 9 2
split_gain=4.93077 0.855826 0.951582 0.857577 0.825371 0.673517
threshold=-0.30136912642135499 3.7500000000000004 -1.5027146707635046 8.5000000000000018 0.8046878383183641 -1.3639878202086395
decision_type=8 10 10 2 10 8
left_child=1 2 3 -1 -2 -3
right_child=4 5 -4 -5 -6 -7
leaf_value=-0.0033543410648204639 0.00042709270240817352 0.0021980807364013963 -0.0024175781466687723 -0.0085540736666933469 0.0031557716512199681 -0.0029012300354165224
leaf_weight=178 7343 138 750 143 288 122
leaf_count=178 7343 138 750 143 288 122
internal_value=4.027e-05 -0.00276792 -0.00339261 -0.00567073 0.000530075 -0.000194673
internal_weight=8962 1331 1071 321 7631 260
internal_count=8962 1331 1071 321 7631 260
is_linear=0
shrinkage=0.05


Tree=56
num_leaves=7
num_cat=0
split_feature=1 9 3 7 3 3
split_gain=4.45056 0.752188 0.632984 1.07088 1.32829 1.00197
threshold=-0.34200506038677636 0.8046878383183641 -0.072517414995990168 -0.40878754679815427 0.11360270743199265 -0.15453832216989383
decision_type=2 10 10 2 10 8
left_child=2 -2 5 4 -4 -1
right_child=1 -3 3 -5 -6 -7
leaf_value=-0.002878373295916092 0.00039348904601862425 0.0029979830573008967 0.00034092902775834468 0.00075380529676670569 -0.0046983980662373987 -0.0085615735380158119
leaf_weight=305 7404 288 192 259 410 104
leaf_count=305 7404 288 192 259 410 104
internal_value=3.82566e-05 0.000491005 -0.0027039 -0.00193455 -0.00309117 -0.00432349
internal_weight=8962 7692 1270 861 602 409
internal_count=8962 7692 1270 861 602 409
is_linear=0
shrinkage=0.05


Tree=57
num_leaves=7
num_cat=0
split_feature=0 12 6 7 10 8
split_gain=4.04268 0.833553 0.695637 0.687767 1.48663 0.925782
threshold=-1.0637391996154875 3.7500000000000004 -0.10398268919837859 -0.59762673615645989 9.5000000000000018 0.040772565275164048
decision_type=8 10 2 2 2 2
left_child=1 3 -3 4 -1 -5
right_child=-2 2 -4 5 -6 -7
leaf_value=0.00087697303217382889 0.00044155116534874895 -0.0030833907664886543 0.0024171925534166062 -0.0058772058461417816 -0.0055403606801153193 -0.0012467343995037179
leaf_weight=218 7823 105 127 385 154 150
leaf_count=218 7823 105 127 385 154 150
internal_value=3.63437e-05 -0.00274674 -7.22956e-05 -0.00343084 -0.00177967 -0.00457894
internal_weight=8962 1139 232 907 372 535
internal_count=8962 1139 232 907 372 535
is_linear=0
shrinkage=0.05


Tree=58
num_leaves=7
num_cat=0
split_feature=0 13 7 7 3 9
split_gain=3.66666 0.684385 0.734704 0.720949 1.05697 0.671936
threshold=-0.30136912642135499 17.875000000000004 -0.75441505842731338 -0.41162733014758329 -0.06845145816408621 0.8046878383183641
decision_type=8 10 2 2 8 10
left_child=1 -1 -3 -4 -5 -2
right_child=5 2 3 4 -6 -7
leaf_value=-0.0053906742992519165 0.00036398605688108698 0.00088527966455378764 -0.0035376637122423783 -0.0050604573927703319 0.0010114967640813279 0.002826006370580419
leaf_weight=166 7343 190 622 100 253 288
leaf_count=166 7343 190 622 100 253 288
internal_value=3.45265e-05 -0.00238709 -0.00195911 -0.0025134 -0.000708604 0.000456905
internal_weight=8962 1331 1165 975 353 7631
internal_count=8962 1331 1165 975 353 7631
is_linear=0
shrinkage=0.05


Tree=59
num_leaves=7
num_cat=0
split_feature=0 12 6 9 0 0
split_gain=3.30985 0.739084 0.68478 0.696228 0.657999 1.1832
threshold=-1.0637391996154875 3.7500000000000004 0.036994910589963646 0.8046878383183641 -1.5027146707635046 -1.4169704155610818
decision_type=8 10 2 10 10 10
left_child=1 4 3 -2 -1 -6
right_child=2 -3 -4 -5 5 -7
leaf_value=-0.0049491945495125419 0.00015172107476908779 3.290684684982588e-05 0.0018521498813140237 0.0027781988692270835 -0.00027484413560536082 -0.0048496132375605945
leaf_weight=321 6826 232 735 262 348 238
leaf_count=321 6826 232 735 262 348 238
internal_value=3.28002e-05 -0.00248544 0.000399446 0.000248806 -0.0031296 -0.00213286
internal_weight=8962 1139 7823 7088 907 586
internal_count=8962 1139 7823 7088 907 586
is_linear=0
shrinkage=0.05


Tree=60
num_leaves=7
num_cat=0
split_feature=1 7 2 7 7 13
split_gain=3.27497 0.988282 1.45556 1.05175 0.949986 1.46252
threshold=-0.34200506038677636 -0.40468946919349219 -1.5535354334913702 -0.58981383405897103 -0.53866875178768547 22.625000000000004
decision_type=2 2 8 2 2 10
left_child=1 3 -3 -1 -5 -6
right_child=-2 2 -4 4 5 -7
leaf_value=-0.0016809153476805732 0.00048975644252617504 -0.0051576266206520638 0.0018393811677348861 -0.0086007696707824707 -0.0066421097600307902 0.0011620801694404621
leaf_weight=498 7625 103 267 132 142 104
leaf_count=498 7625 103 267 132 142 104
internal_value=0.000101404 -0.00227515 -0.000108435 -0.00319032 -0.0051789 -0.00334278
internal_weight=8871 1246 370 876 378 246
internal_count=8871 1246 370 876 378 246
is_linear=0
shrinkage=0.05


Tree=61
num_leaves=7
num_cat=0
split_feature=1 7 2 7 12 8
split_gain=2.95566 0.891924 1.31365 0.949206 0.911284 0.772822
threshold=-0.34200506038677636 -0.40468946919349219 -1.5535354334913702 -0.58981383405897103 -1.2499999999999998 -0.13508997039325024
decision_type=2 2 8 2 8 2
left_child=1 3 -3 5 -5 -1
right_child=-2 2 -4 4 -6 -7
leaf_value=0.00023521436944085939 0.0004652686139165527 -0.0048997453538230755 0.0017474120292046949 -0.0071752188514446749 -0.0022475359468812372 -0.0037144731413230334
leaf_weight=267 7625 103 267 205 173 231
leaf_count=267 7625 103 267 205 173 231
internal_value=9.63334e-05 -0.0021614 -0.000103013 -0.0030308 -0.00491996 -0.00159687
internal_weight=8871 1246 370 876 378 498
internal_count=8871 1246 370 876 378 498
is_linear=0
shrinkage=0.05


Tree=62
num_leaves=7
num_cat=0
split_feature=1 0 3 6 2 12
split_gain=2.66748 0.680246 0.702253 0.8741 0.642462 1.16157
threshold=-0.34200506038677636 0.021696055762471193 0.18597247308725998 -0.034319185036967514 -0.13900865963588663 7.2500000000000009
decision_type=2 8 8 2 10 10
left_child=-1 4 -3 -4 5 -2
right_child=1 2 3 -5 -6 -7
leaf_value=-0.0020533261866303421 -0.00030012695967901926 0.00062822390953253308 0.0013013342177178239 0.0053800745107661432 0.00055146280641244524 -0.0049318491097945141
leaf_weight=1246 1710 2536 453 185 2594 147
leaf_count=1246 1710 2536 453 185 2594 147
internal_value=9.15168e-05 0.000442005 0.00100126 0.00248404 4.32028e-05 -0.000666774
internal_weight=8871 7625 3174 638 4451 1857
internal_count=8871 7625 3174 638 4451 1857
is_linear=0
shrinkage=0.05


Tree=63
num_leaves=7
num_cat=0
split_feature=1 12 12 7 7 1
split_gain=2.41401 0.662703 1.18905 0.79685 0.547219 0.715882
threshold=-1.0637391996154875 4.7500000000000009 7.7500000000000009 -0.39570047269751446 -0.59309062836384585 -1.5027146707635046
decision_type=2 8 8 2 2 2
left_child=1 3 -3 4 -1 -6
right_child=-2 2 -4 -5 5 -7
leaf_value=-0.0022903724722170781 0.00040111440619383328 0.0038254009993571761 -0.003599793233093806 -0.00016615704395511049 -0.008603061936097221 -0.0033951498146690059
leaf_weight=378 7747 117 100 235 100 194
leaf_count=378 7747 117 100 235 100 194
internal_value=8.69409e-05 -0.00207845 0.000403653 -0.0026723 -0.0035487 -0.00516655
internal_weight=8871 1124 217 907 672 294
internal_count=8871 1124 217 907 672 294
is_linear=0
shrinkage=0.05


Tree=64
num_leaves=7
num_cat=0
split_feature=1 7 2 7 3 3
split_gain=2.18561 0.732745 1.18052 0.80446 0.878523 0.904288
threshold=-0.34200506038677636 -0.40468946919349219 -1.5535354334913702 -0.58981383405897103 -0.15453832216989383 0.25157477994411143
decision_type=2 2 8 2 8 10
left_child=1 3 -3 -1 -5 -6
right_child=-2 2 -4 4 5 -7
leaf_value=-0.0013268107873489455 0.0003998492111851505 -0.0045403722514289887 0.001760965957147617 -0.00036700550140812997 -0.0080704201550255428 -0.0021991977020043812
leaf_weight=498 7625 103 267 100 172 106
leaf_count=498 7625 103 267 100 172 106
internal_value=8.25939e-05 -0.00185888 6.80965e-06 -0.00264689 -0.00438605 -0.00583175
internal_weight=8871 1246 370 876 378 278
internal_count=8871 1246 370 876 378 278
is_linear=0
shrinkage=0.05


Tree=65
num_leaves=7
num_cat=0
split_feature=0 3 0 8 13 9
split_gain=3.01206 1.16551 1.04015 0.888377 0.727301 0.78889
threshold=-1.480209135482595 -0.084559679903829663 0.043919905161944307 -0.064492300263266231 17.875000000000004 0.41703094967245918
decision_type=8 8 8 2 8 8
left_child=1 -1 4 -3 -2 -6
right_child=2 3 -4 -5 5 -7
leaf_value=-0.0068480118513004956 -0.0021066651299633536 0.00016185517126920626 0.00097331940533724689 -0.0046336870137152304 0.00094540674437097304 -0.00042413093505608247
leaf_weight=182 457 214 2895 176 1485 3602
leaf_count=182 457 214 2895 176 1485 3602
internal_value=-3.28495e-05 -0.00354411 0.000205146 -0.00200229 -0.000195984 -2.43347e-05
internal_weight=9011 572 8439 390 5544 5087
internal_count=9011 572 8439 390 5544 5087
is_linear=0
shrinkage=0.05


Tree=66
num_leaves=7
num_cat=0
split_feature=0 3 0 3 7 3
split_gain=2.71838 1.05188 0.938734 0.834634 1.20889 0.694619
threshold=-1.480209135482595 -0.084559679903829663 0.043919905161944307 0.10420664202904031 -0.49675315534286901 0.18597247308725998
decision_type=8 8 8 10 2 10
left_child=1 -1 -2 -3 -5 -4
right_child=2 3 5 4 -6 -7
leaf_value=-0.0065056111655064676 -0.00018618501268995223 0.0013689790125219869 0.00063186383281636554 -0.0065269623080832367 0.00035087495340218266 0.00297337181991428
leaf_weight=182 5544 130 2533 147 113 362
leaf_count=182 5544 130 2533 147 113 362
internal_value=-3.1207e-05 -0.0033669 0.000194888 -0.00190217 -0.00353775 0.000924653
internal_weight=9011 572 8439 390 260 2895
internal_count=9011 572 8439 390 260 2895
is_linear=0
shrinkage=0.05


Tree=67
num_leaves=7
num_cat=0
split_feature=1 7 2 7 7 1
split_gain=2.51153 1.27094 1.24412 0.961228 1.66274 1.31122
threshold=-0.34200506038677636 -0.49675315534286901 -1.5866409183045282 -0.59309062836384585 -0.73525131540961619 -1.480209135482595
decision_type=2 2 8 2 2 2
left_child=1 3 -3 4 -1 -5
right_child=-2 2 -4 5 -6 -7
leaf_value=-0.0050374293063059775 0.00030846151231617901 -0.004104150475109084 0.0012805761583696556 -0.010309382799777736 0.00067315417554311132 -0.0026903216576203703
leaf_weight=259 7741 149 383 103 251 125
leaf_count=259 7741 149 383 103 251 125
internal_value=-2.96467e-05 -0.00209051 -0.000227552 -0.00343345 -0.00222693 -0.00613227
internal_weight=9011 1270 532 738 510 228
internal_count=9011 1270 532 738 510 228
is_linear=0
shrinkage=0.05


Tree=68
num_leaves=7
num_cat=0
split_feature=1 7 2 7 7 7
split_gain=2.26665 1.14702 1.12281 0.875047 1.59591 0.893118
threshold=-0.34200506038677636 -0.49675315534286901 -1.5866409183045282 -0.59762673615645989 -0.73525131540961619 -0.8442432701359498
decision_type=2 2 8 2 2 2
left_child=1 3 -3 4 5 -1
right_child=-2 2 -4 -5 -6 -7
leaf_value=-0.0020574738055454205 0.00029303844369396375 -0.0038989429939165162 0.0012165473332882717 -0.0057418658641351311 0.00087996904907999449 -0.007945588517468424
leaf_weight=139 7741 149 383 240 239 120
leaf_count=139 7741 149 383 240 239 120
internal_value=-2.81644e-05 -0.00198598 -0.000216175 -0.00326178 -0.00206656 -0.00478556
internal_weight=9011 1270 532 738 498 259
internal_count=9011 1270 532 738 498 259
is_linear=0
shrinkage=0.05


Tree=69
num_leaves=7
num_cat=0
split_feature=0 8 0 9 13 2
split_gain=2.12645 1.15605 0.869254 0.712217 1.10863 0.786816
threshold=-1.5027146707635046 -0.19319149678962313 0.033271576805755342 0.40721886949531588 18.875000000000004 0.052686940422015945
decision_type=8 2 8 8 10 10
left_child=1 -1 3 4 -2 -5
right_child=2 -3 -4 5 -6 -7
leaf_value=-0.00042201127314240309 -0.0023542742281513771 -0.0057035356472299355 0.00082904675925083316 -0.00085276146930519372 0.0013024824681144712 0.0011389627575456504
leaf_weight=179 248 246 3009 3489 1262 578
leaf_count=179 248 246 3009 3489 1262 578
internal_value=-2.67561e-05 -0.00347908 0.000144131 -0.000225406 0.000701903 -0.000569699
internal_weight=9011 425 8586 5577 1510 4067
internal_count=9011 425 8586 5577 1510 4067
is_linear=0
shrinkage=0.05


Tree=70
num_leaves=7
num_cat=0
split_feature=1 13 3 10 13 6
split_gain=1.52796 1.41718 0.623524 0.708603 0.920434 0.687225
threshold=-0.13150112080933016 21.625000000000004 -0.40916926127941255 13.500000000000002 20.875000000000004 -0.19256965752373731
decision_type=2 8 10 2 10 2
left_child=1 2 -1 4 5 -4
right_child=-2 -3 3 -5 -6 -7
leaf_value=0.00094307993868521115 0.00047686252422643802 3.3455650245911956e-05 0.0019937125759162499 -0.0064021130858529967 -0.0060973471107619599 -0.0023035077849049177
leaf_weight=120 6620 1389 114 124 133 506
leaf_count=120 6620 1389 114 124 133 506
internal_value=8.58726e-05 -0.000998936 -0.00243724 -0.00289977 -0.00232303 -0.00151337
internal_weight=9006 2386 997 877 753 620
internal_count=9006 2386 997 877 753 620
is_linear=0
shrinkage=0.05


Tree=71
num_leaves=7
num_cat=0
split_feature=1 13 3 3 10 6
split_gain=1.37898 1.27901 0.615645 0.820324 1.28122 0.699573
threshold=-0.13150112080933016 21.625000000000004 0.03870522514742477 0.10420664202904031 4.5000000000000009 -0.053171635470387092
decision_type=2 8 10 10 2 2
left_child=1 -1 -3 -4 -5 -6
right_child=-2 2 3 4 5 -7
leaf_value=-0.0023153808699671362 0.00045301938501432081 -0.0011824376734236143 0.0044024838425787928 0.0039435550571262938 -0.0027210801106659658 0.0011393672247435806
leaf_weight=997 6620 596 141 169 282 201
leaf_count=997 6620 596 141 169 282 201
internal_value=8.15789e-05 -0.000948989 3.17829e-05 0.000944362 0.000196517 -0.00111456
internal_weight=9006 2386 1389 793 652 483
internal_count=9006 2386 1389 793 652 483
is_linear=0
shrinkage=0.05


Tree=72
num_leaves=7
num_cat=0
split_feature=2 12 13 3 3 3
split_gain=1.263 0.873028 1.08957 0.907633 1.07212 1.17555
threshold=-0.37881719836884198 2.7500000000000004 26.625000000000004 0.1708344856484193 0.020129207274627355 -0.093109643725956523
decision_type=8 10 10 10 10 10
left_child=1 3 -3 4 5 -1
right_child=-2 2 -4 -5 -6 -7
leaf_value=-0.0011687934236339406 0.00035761931024644355 0.0021723914452605941 -0.002888120380680888 -0.0044223373676591394 0.0022888680158481413 -0.0069334450726343602
leaf_weight=591 7359 339 155 277 181 104
leaf_count=591 7359 339 155 277 181 104
internal_value=7.75e-05 -0.00117411 0.000584579 -0.00192761 -0.00113876 -0.00203142
internal_weight=9006 1647 494 1153 876 695
internal_count=9006 1647 494 1153 876 695
is_linear=0
shrinkage=0.05


Tree=73
num_leaves=7
num_cat=0
split_feature=1 13 2 2 6 13
split_gain=1.16696 1.11797 1.00527 0.703161 0.553191 0.848219
threshold=-0.13150112080933016 21.625000000000004 -1.6164692782510193 -1.424881861504258 -0.086602725329192345 18.375000000000004
decision_type=2 8 8 10 2 10
left_child=1 2 -1 -4 -2 -6
right_child=4 -3 3 -5 5 -7
leaf_value=-0.0059395333439511743 -3.31273866146785e-05 4.2539238907119206e-05 0.0017240111544747955 -0.0021320928814613179 -0.0013620497547036997 0.0011723039149567961
leaf_weight=149 3373 1389 142 706 373 2874
leaf_count=149 3373 1389 142 706 373 2874
internal_value=7.3625e-05 -0.000874414 -0.00215189 -0.00148638 0.00041532 0.000881169
internal_weight=9006 2386 997 848 6620 3247
internal_count=9006 2386 997 848 6620 3247
is_linear=0
shrinkage=0.05


Tree=74
num_leaves=7
num_cat=0
split_feature=2 12 12 3 6 12
split_gain=1.06123 0.765687 1.13243 0.758567 0.775529 0.648773
threshold=-0.37881719836884198 3.2500000000000004 7.2500000000000009 -0.53977718364268912 -0.22552381420934417 1.7500000000000002
decision_type=8 10 10 10 2 10
left_child=1 3 -3 -1 -5 -6
right_child=-2 2 -4 4 5 -7
leaf_value=0.0013811011571569012 0.00032671504920081307 0.0025631948417919321 -0.0032057222618709978 0.0016548012345472081 -0.0021198881140830099 -0.0058156522650023752
leaf_weight=173 7359 281 122 117 815 139
leaf_count=173 7359 281 122 117 815 139
internal_value=6.99438e-05 -0.00107734 0.000816773 -0.00169095 -0.00218718 -0.00265837
internal_weight=9006 1647 403 1244 1071 954
internal_count=9006 1647 403 1244 1071 954
is_linear=0
shrinkage=0.05


end of trees

feature_importances:
prior_epa_per_opp=90
implied_total=67
team_spread=46
baseline_epa_per_opp=45
def_short_pass_epa_adj=44
def_rush_epa_adj=40
form_residual=38
rolling_epa_per_opp=37
def_deep_pass_epa_adj=19
wt_snap_share=12
games_played_so_far=10
draft_tier_int=1
def_used_fallback_int=1

parameters:
[boosting: gbdt]
[objective: regression]
[metric: rmse]
[tree_learner: serial]
[device_type: cpu]
[data_sample_strategy: bagging]
[data: ]
[valid: ]
[num_iterations: 75]
[learning_rate: 0.05]
[num_leaves: 7]
[num_threads: 1]
[seed: 42]
[deterministic: 0]
[force_col_wise: 0]
[force_row_wise: 0]
[histogram_pool_size: -1]
[max_depth: -1]
[min_data_in_leaf: 100]
[min_sum_hessian_in_leaf: 0.001]
[bagging_fraction: 0.8]
[pos_bagging_fraction: 1]
[neg_bagging_fraction: 1]
[bagging_freq: 5]
[bagging_seed: 400]
[bagging_by_query: 0]
[feature_fraction: 0.8]
[feature_fraction_bynode: 1]
[feature_fraction_seed: 30056]
[extra_trees: 0]
[extra_seed: 12879]
[early_stopping_round: 0]
[early_stopping_min_delta: 0]
[first_metric_only: 0]
[max_delta_step: 0]
[lambda_l1: 0]
[lambda_l2: 0]
[linear_lambda: 0]
[min_gain_to_split: 0]
[drop_rate: 0.1]
[max_drop: 50]
[skip_drop: 0.5]
[xgboost_dart_mode: 0]
[uniform_drop: 0]
[drop_seed: 17869]
[top_rate: 0.2]
[other_rate: 0.1]
[min_data_per_group: 100]
[max_cat_threshold: 32]
[cat_l2: 10]
[cat_smooth: 10]
[max_cat_to_onehot: 4]
[top_k: 20]
[monotone_constraints: ]
[monotone_constraints_method: basic]
[monotone_penalty: 0]
[feature_contri: ]
[forcedsplits_filename: ]
[refit_decay_rate: 0.9]
[cegb_tradeoff: 1]
[cegb_penalty_split: 0]
[cegb_penalty_feature_lazy: ]
[cegb_penalty_feature_coupled: ]
[path_smooth: 0]
[interaction_constraints: ]
[verbosity: -1]
[saved_feature_importance_type: 0]
[use_quantized_grad: 0]
[num_grad_quant_bins: 4]
[quant_train_renew_leaf: 0]
[stochastic_rounding: 1]
[linear_tree: 0]
[max_bin: 255]
[max_bin_by_feature: ]
[min_data_in_bin: 3]
[bin_construct_sample_cnt: 200000]
[data_random_seed: 175]
[is_enable_sparse: 1]
[enable_bundle: 1]
[use_missing: 1]
[zero_as_missing: 0]
[feature_pre_filter: 0]
[pre_partition: 0]
[two_round: 0]
[header: 0]
[label_column: ]
[weight_column: ]
[group_column: ]
[ignore_column: ]
[categorical_feature: ]
[forcedbins_filename: ]
[precise_float_parser: 0]
[parser_config_file: ]
[objective_seed: 16083]
[num_class: 1]
[is_unbalance: 0]
[scale_pos_weight: 1]
[sigmoid: 1]
[boost_from_average: 1]
[reg_sqrt: 0]
[alpha: 0.9]
[fair_c: 1]
[poisson_max_delta_step: 0.7]
[tweedie_variance_power: 1.5]
[lambdarank_truncation_level: 30]
[lambdarank_norm: 1]
[label_gain: ]
[lambdarank_position_bias_regularization: 0]
[eval_at: ]
[multi_error_top_k: 1]
[auc_mu_weights: ]
[num_machines: 1]
[local_listen_port: 12400]
[time_out: 120]
[machine_list_filename: ]
[machines: ]
[gpu_platform_id: -1]
[gpu_device_id: -1]
[gpu_use_dp: 0]
[num_gpu: 1]

end of parameters
